I 1 18892.746113800
E 0 2 0.103900 94159808718992 8
E 0 3 0.105800 94159808719000 8
E 0 4 0.106500 94159808719024 8
E 0 5 0.107000 94159808719032 8
E 0 6 0.107500 94159808723072 8
E 0 7 0.108000 94159808723072 8
E 0 8 0.108600 94159808723080 8
E 0 9 0.109100 94159808723104 8
E 0 10 0.109600 94159808723104 8
E 0 11 0.110100 94159808723080 8
E 0 12 0.110600 94159808723112 8
E 0 13 0.111100 94159808723112 8
E 0 14 0.111800 94159808719088 8
E 0 15 0.112300 94159808719096 8
E 0 16 0.112800 94159808719120 8
E 0 17 0.113300 94159808719128 8
L 0 18 0.113900 94159808718992 8
E 0 19 0.114600 94159808719088 8
L 0 20 0.115100 94159808719000 8
E 0 21 0.115600 94159808719096 8
L 0 22 0.116100 94159808719024 8
E 0 23 0.116600 94159808719120 8
L 0 24 0.117100 94159808719032 8
E 0 25 0.117500 94159808719128 8
L 0 26 0.125400 94159808719088 8
L 0 27 0.126200 94159808719096 8
L 0 28 0.127000 94159808719120 8
L 0 29 0.127700 94159808719128 8
F 30 18892.746296500
