10 5
53541.0000 -352498.0000 -342676.0000 -150513.0000 -379187.0000 
414630.0000 -277138.0000 381520.0000 358879.0000 148769.0000 
114850.0000 -411065.0000 151015.0000 180395.0000 -401427.0000 
451025.0000 -31757.0000 -423577.0000 17114.0000 -131058.0000 
112141.0000 -403645.0000 -186688.0000 314051.0000 131986.0000 
462761.0000 222665.0000 -52182.0000 -231976.0000 178933.0000 
61800.0000 321565.0000 -155065.0000 -262377.0000 189551.0000 
-34252.0000 -347747.0000 412413.0000 365768.0000 29631.0000 
-420320.0000 -19383.0000 118566.0000 230695.0000 -338988.0000 
-264361.0000 -299781.0000 129255.0000 -187938.0000 217333.0000 
