10 5
-423667.0000 223796.0000 121864.0000 18768.0000 -335097.0000 
-60236.0000 19124.0000 120959.0000 -103389.0000 -369280.0000 
-544.0000 -256292.0000 57489.0000 -303475.0000 -470588.0000 
37776.0000 121437.0000 444920.0000 33847.0000 -356055.0000 
51216.0000 52264.0000 -37640.0000 462309.0000 -391176.0000 
257982.0000 -200235.0000 -407619.0000 -417885.0000 -190598.0000 
17773.0000 176948.0000 -466802.0000 158136.0000 -304285.0000 
216601.0000 -402100.0000 214839.0000 -162440.0000 -5489.0000 
-135942.0000 -144485.0000 238219.0000 421547.0000 52041.0000 
-213870.0000 477823.0000 191977.0000 -268951.0000 11669.0000 
