10 10
-212421.0000 430040.0000 191096.0000 135201.0000 245836.0000 -262089.0000 384667.0000 258843.0000 16053.0000 140232.0000 
-298663.0000 -11323.0000 -132093.0000 18957.0000 395719.0000 11959.0000 -320825.0000 -118114.0000 -411132.0000 -45567.0000 
-494824.0000 94847.0000 202273.0000 454703.0000 -34554.0000 -479331.0000 222584.0000 164890.0000 -328078.0000 202667.0000 
12828.0000 478001.0000 132707.0000 222423.0000 -368300.0000 397042.0000 460334.0000 -483633.0000 -325617.0000 -23614.0000 
-324902.0000 -124280.0000 -16438.0000 43005.0000 -86824.0000 397781.0000 73464.0000 92351.0000 298166.0000 162332.0000 
65284.0000 303342.0000 275679.0000 -232444.0000 258045.0000 -258876.0000 306725.0000 499128.0000 406014.0000 -2854.0000 
201794.0000 -81159.0000 -24853.0000 -165500.0000 159764.0000 -374654.0000 250041.0000 120097.0000 160213.0000 424424.0000 
114983.0000 -146189.0000 318643.0000 -401456.0000 396816.0000 -268181.0000 14824.0000 488779.0000 -157331.0000 -187010.0000 
-330390.0000 -73548.0000 -383669.0000 445289.0000 194008.0000 -107125.0000 204912.0000 733.0000 -107998.0000 110925.0000 
497879.0000 -406204.0000 48265.0000 491525.0000 446796.0000 -291972.0000 135371.0000 196837.0000 -153375.0000 -204417.0000 
