10 10
-166215.0000 264981.0000 186598.0000 374315.0000 482314.0000 -344408.0000 319362.0000 59135.0000 107484.0000 258247.0000 
-197785.0000 -450456.0000 190567.0000 84944.0000 -167002.0000 214229.0000 -486039.0000 -3349.0000 -199442.0000 -267861.0000 
-255279.0000 402378.0000 366749.0000 -24081.0000 58914.0000 249481.0000 -108616.0000 -181052.0000 -377925.0000 -77033.0000 
-393372.0000 -44140.0000 -312053.0000 293227.0000 -169826.0000 188761.0000 -32682.0000 168035.0000 -252105.0000 -425199.0000 
444782.0000 -431391.0000 142845.0000 135348.0000 153553.0000 475843.0000 -150423.0000 167514.0000 490993.0000 -331366.0000 
399653.0000 254214.0000 89511.0000 -215099.0000 -269868.0000 -351576.0000 52881.0000 -359984.0000 485872.0000 174956.0000 
62983.0000 -407500.0000 149315.0000 -230570.0000 -95774.0000 -2012.0000 458191.0000 371544.0000 184523.0000 -293915.0000 
-35156.0000 129304.0000 293195.0000 -392312.0000 -235349.0000 -53253.0000 102030.0000 -367273.0000 132761.0000 -388479.0000 
319862.0000 -449088.0000 365735.0000 -90628.0000 -164187.0000 114367.0000 -423704.0000 -92807.0000 -227118.0000 -437833.0000 
100648.0000 335865.0000 173167.0000 -250038.0000 123794.0000 -422608.0000 -233550.0000 -399517.0000 -32565.0000 450973.0000 
