10 10
53541.0000 -352498.0000 -342676.0000 -150513.0000 -379187.0000 414630.0000 -277138.0000 381520.0000 358879.0000 148769.0000 
114850.0000 -411065.0000 151015.0000 180395.0000 -401427.0000 451025.0000 -31757.0000 -423577.0000 17114.0000 -131058.0000 
112141.0000 -403645.0000 -186688.0000 314051.0000 131986.0000 462761.0000 222665.0000 -52182.0000 -231976.0000 178933.0000 
61800.0000 321565.0000 -155065.0000 -262377.0000 189551.0000 -34252.0000 -347747.0000 412413.0000 365768.0000 29631.0000 
-420320.0000 -19383.0000 118566.0000 230695.0000 -338988.0000 -264361.0000 -299781.0000 129255.0000 -187938.0000 217333.0000 
16696.0000 -57298.0000 313688.0000 330008.0000 -243247.0000 -54327.0000 -188733.0000 -2083.0000 -88010.0000 79291.0000 
195349.0000 473791.0000 419356.0000 -459717.0000 229913.0000 108906.0000 6032.0000 382166.0000 -460182.0000 -128201.0000 
-88204.0000 -380502.0000 -129085.0000 48862.0000 350194.0000 31927.0000 284501.0000 -449588.0000 179681.0000 115062.0000 
267745.0000 214876.0000 -442236.0000 81432.0000 44884.0000 333017.0000 45604.0000 356151.0000 -169067.0000 457595.0000 
453942.0000 -473719.0000 -50116.0000 373297.0000 -433435.0000 -320204.0000 -17798.0000 -408904.0000 -438038.0000 -459481.0000 
