10 10
-423667.0000 223796.0000 121864.0000 18768.0000 -335097.0000 -60236.0000 19124.0000 120959.0000 -103389.0000 -369280.0000 
-544.0000 -256292.0000 57489.0000 -303475.0000 -470588.0000 37776.0000 121437.0000 444920.0000 33847.0000 -356055.0000 
51216.0000 52264.0000 -37640.0000 462309.0000 -391176.0000 257982.0000 -200235.0000 -407619.0000 -417885.0000 -190598.0000 
17773.0000 176948.0000 -466802.0000 158136.0000 -304285.0000 216601.0000 -402100.0000 214839.0000 -162440.0000 -5489.0000 
-135942.0000 -144485.0000 238219.0000 421547.0000 52041.0000 -213870.0000 477823.0000 191977.0000 -268951.0000 11669.0000 
335922.0000 282265.0000 -436068.0000 316781.0000 -236927.0000 191256.0000 74763.0000 -418663.0000 283637.0000 156878.0000 
-109260.0000 319910.0000 352325.0000 442438.0000 -21955.0000 -451960.0000 159038.0000 -405556.0000 -218622.0000 15097.0000 
88955.0000 145437.0000 370613.0000 345674.0000 -414518.0000 441153.0000 150303.0000 -436696.0000 133129.0000 381353.0000 
-406528.0000 487550.0000 -317884.0000 175904.0000 304331.0000 463689.0000 -132840.0000 397593.0000 -454974.0000 169296.0000 
-427031.0000 454266.0000 -492296.0000 425294.0000 -84798.0000 -495751.0000 -8167.0000 -425761.0000 -401307.0000 273212.0000 
