10 10
-488915.0000 288666.0000 423479.0000 363901.0000 -341041.0000 -464539.0000 11318.0000 -450314.0000 478004.0000 352462.0000 
160993.0000 306259.0000 -396226.0000 -309277.0000 -84484.0000 -450530.0000 -63760.0000 286643.0000 -219065.0000 -223064.0000 
-134236.0000 68015.0000 372711.0000 371761.0000 467168.0000 174696.0000 332311.0000 -241968.0000 -152750.0000 -84115.0000 
-359679.0000 -141665.0000 223050.0000 82299.0000 -277765.0000 382010.0000 117760.0000 -247948.0000 431696.0000 -385738.0000 
-395486.0000 92689.0000 420521.0000 226788.0000 283412.0000 -163964.0000 -205243.0000 238151.0000 141178.0000 75692.0000 
-484914.0000 -493059.0000 162206.0000 387798.0000 378702.0000 129373.0000 -419008.0000 -270489.0000 387406.0000 446742.0000 
-336105.0000 -472274.0000 -194924.0000 386946.0000 -371476.0000 -454189.0000 268955.0000 246284.0000 -202137.0000 -280851.0000 
-120955.0000 420877.0000 311838.0000 -200435.0000 -333837.0000 -386252.0000 -345900.0000 -39080.0000 -129602.0000 295278.0000 
-463389.0000 -114515.0000 302219.0000 198818.0000 291782.0000 -300581.0000 346690.0000 -108727.0000 -71069.0000 234095.0000 
-161986.0000 -388675.0000 -219680.0000 -338411.0000 498271.0000 -91156.0000 -292600.0000 -214276.0000 173627.0000 -476237.0000 
