100 50
-212421.0000 430040.0000 191096.0000 135201.0000 245836.0000 -262089.0000 384667.0000 258843.0000 16053.0000 140232.0000 -298663.0000 -11323.0000 -132093.0000 18957.0000 395719.0000 11959.0000 -320825.0000 -118114.0000 -411132.0000 -45567.0000 -494824.0000 94847.0000 202273.0000 454703.0000 -34554.0000 -479331.0000 222584.0000 164890.0000 -328078.0000 202667.0000 12828.0000 478001.0000 132707.0000 222423.0000 -368300.0000 397042.0000 460334.0000 -483633.0000 -325617.0000 -23614.0000 -324902.0000 -124280.0000 -16438.0000 43005.0000 -86824.0000 397781.0000 73464.0000 92351.0000 298166.0000 162332.0000 
65284.0000 303342.0000 275679.0000 -232444.0000 258045.0000 -258876.0000 306725.0000 499128.0000 406014.0000 -2854.0000 201794.0000 -81159.0000 -24853.0000 -165500.0000 159764.0000 -374654.0000 250041.0000 120097.0000 160213.0000 424424.0000 114983.0000 -146189.0000 318643.0000 -401456.0000 396816.0000 -268181.0000 14824.0000 488779.0000 -157331.0000 -187010.0000 -330390.0000 -73548.0000 -383669.0000 445289.0000 194008.0000 -107125.0000 204912.0000 733.0000 -107998.0000 110925.0000 497879.0000 -406204.0000 48265.0000 491525.0000 446796.0000 -291972.0000 135371.0000 196837.0000 -153375.0000 -204417.0000 
-360241.0000 -19893.0000 149394.0000 458403.0000 -402850.0000 -435291.0000 208721.0000 111975.0000 71987.0000 69889.0000 424965.0000 -239904.0000 496342.0000 59795.0000 223884.0000 -291152.0000 452671.0000 -71205.0000 -271920.0000 -155328.0000 58219.0000 244459.0000 456968.0000 -393516.0000 235983.0000 403764.0000 333012.0000 389853.0000 -380901.0000 198136.0000 203936.0000 277358.0000 -321758.0000 371829.0000 -245741.0000 -224607.0000 -44963.0000 462980.0000 -94133.0000 -472976.0000 -448632.0000 -169169.0000 305620.0000 -452291.0000 -90875.0000 29504.0000 -243443.0000 -138205.0000 458299.0000 -15362.0000 
-275033.0000 16518.0000 247596.0000 200434.0000 -358499.0000 -497923.0000 -377304.0000 -6988.0000 391931.0000 -258205.0000 -308852.0000 95866.0000 37653.0000 387890.0000 -32306.0000 291912.0000 -336718.0000 -58769.0000 254892.0000 -412352.0000 -31745.0000 -175241.0000 436979.0000 -226126.0000 -127532.0000 -153896.0000 -178123.0000 -352476.0000 207899.0000 -219824.0000 -349339.0000 -48635.0000 -184807.0000 398257.0000 -348201.0000 475194.0000 400335.0000 -225505.0000 -31795.0000 292265.0000 -465210.0000 159353.0000 406630.0000 72443.0000 -434258.0000 392823.0000 -135646.0000 -270976.0000 -165947.0000 137745.0000 
-183327.0000 -179193.0000 462504.0000 -246349.0000 -386819.0000 353471.0000 -381746.0000 -64942.0000 -499005.0000 -155347.0000 -266267.0000 170156.0000 296018.0000 -432575.0000 68413.0000 -33684.0000 -457382.0000 487247.0000 -240689.0000 10824.0000 -201990.0000 -205899.0000 188676.0000 -295361.0000 -114957.0000 254418.0000 115961.0000 -232104.0000 1942.0000 -31486.0000 405642.0000 -162886.0000 -192180.0000 -113356.0000 -390736.0000 439501.0000 258615.0000 -272481.0000 -125441.0000 -221891.0000 72172.0000 -373209.0000 448265.0000 386689.0000 -305783.0000 -464824.0000 -146995.0000 255335.0000 -477578.0000 112316.0000 
-233842.0000 -179568.0000 -75084.0000 -26666.0000 -456430.0000 309959.0000 -272249.0000 -321969.0000 -422146.0000 -251808.0000 146545.0000 1995.0000 85306.0000 -27136.0000 -92861.0000 -286930.0000 -87635.0000 -334247.0000 -59411.0000 -194577.0000 462362.0000 31260.0000 -67786.0000 410626.0000 -82052.0000 -355070.0000 445803.0000 -210548.0000 400266.0000 -13276.0000 401768.0000 184923.0000 307157.0000 345183.0000 -341744.0000 -130774.0000 155141.0000 -113992.0000 47257.0000 -248505.0000 -347301.0000 212301.0000 -228011.0000 238006.0000 -314835.0000 179128.0000 451076.0000 -383971.0000 -136620.0000 410164.0000 
-78548.0000 -174259.0000 -58577.0000 353666.0000 254867.0000 -122130.0000 17096.0000 -280832.0000 167323.0000 -82639.0000 205892.0000 -412411.0000 -397717.0000 -468453.0000 -48728.0000 -239460.0000 -99226.0000 124912.0000 -334953.0000 -33470.0000 376407.0000 -182254.0000 197331.0000 166896.0000 74251.0000 -99005.0000 364523.0000 -456175.0000 17024.0000 -272097.0000 453989.0000 438476.0000 -427857.0000 413911.0000 -189360.0000 -154491.0000 310281.0000 327736.0000 64677.0000 496103.0000 263596.0000 289069.0000 102191.0000 365880.0000 320616.0000 -446538.0000 144919.0000 239889.0000 178375.0000 309966.0000 
-293581.0000 -426720.0000 146211.0000 403750.0000 240176.0000 238962.0000 -195256.0000 104699.0000 282787.0000 -159733.0000 -148899.0000 -244725.0000 -221258.0000 441744.0000 187685.0000 -392119.0000 -212747.0000 -2035.0000 435618.0000 -129571.0000 -5933.0000 -282288.0000 -340503.0000 114758.0000 -416409.0000 480114.0000 168220.0000 -252991.0000 220002.0000 -153406.0000 75474.0000 -55080.0000 -80125.0000 -278315.0000 367169.0000 178550.0000 460647.0000 190412.0000 301748.0000 -238068.0000 -469322.0000 -347152.0000 17207.0000 327920.0000 113092.0000 223392.0000 435802.0000 400345.0000 -278644.0000 -110082.0000 
289273.0000 -266077.0000 107630.0000 448771.0000 348681.0000 -290279.0000 -52617.0000 16900.0000 -43270.0000 185884.0000 -118006.0000 -467796.0000 -369196.0000 -179632.0000 272389.0000 497973.0000 17417.0000 -248466.0000 188385.0000 -180835.0000 13466.0000 -262438.0000 -27987.0000 49173.0000 -434518.0000 -414896.0000 -227436.0000 -498717.0000 3948.0000 -487581.0000 409701.0000 -206779.0000 -253658.0000 17330.0000 260491.0000 113522.0000 -254450.0000 -292127.0000 148922.0000 202281.0000 393757.0000 -469085.0000 -247016.0000 43060.0000 369783.0000 -474628.0000 -440468.0000 -112801.0000 -223094.0000 -233584.0000 
206364.0000 -191129.0000 3978.0000 196877.0000 358044.0000 69460.0000 -199520.0000 -369393.0000 -410758.0000 304429.0000 -356973.0000 498943.0000 116149.0000 407869.0000 -465228.0000 395139.0000 21391.0000 -219678.0000 -396989.0000 -329688.0000 1102.0000 15267.0000 219727.0000 254086.0000 -441673.0000 89509.0000 -202043.0000 136359.0000 -4793.0000 74863.0000 402775.0000 -298429.0000 383735.0000 -93248.0000 -83053.0000 -239723.0000 -5288.0000 217427.0000 -109115.0000 83954.0000 -459646.0000 -447589.0000 -398604.0000 156503.0000 460280.0000 154668.0000 51641.0000 -499831.0000 -46511.0000 -326849.0000 
-329519.0000 454592.0000 188419.0000 -91293.0000 -272824.0000 -234755.0000 498216.0000 25134.0000 401604.0000 -6577.0000 118496.0000 304378.0000 -286507.0000 2230.0000 229629.0000 130440.0000 262508.0000 -275660.0000 -152134.0000 171892.0000 -173206.0000 -111779.0000 224303.0000 446690.0000 63223.0000 -296919.0000 101357.0000 133364.0000 -296749.0000 -445155.0000 -174986.0000 392232.0000 27936.0000 31932.0000 -199061.0000 255113.0000 297177.0000 317654.0000 298746.0000 -282721.0000 329576.0000 -82759.0000 40156.0000 61568.0000 -62029.0000 288285.0000 -307993.0000 218978.0000 -487376.0000 -441627.0000 
409369.0000 357918.0000 465094.0000 -347830.0000 304607.0000 -453185.0000 -144749.0000 424463.0000 -301322.0000 -422999.0000 -2192.0000 23693.0000 -12267.0000 -474257.0000 -444376.0000 288672.0000 -200645.0000 -128699.0000 -375176.0000 -401900.0000 -392921.0000 -27100.0000 -466159.0000 147236.0000 -465533.0000 490312.0000 -64480.0000 -273525.0000 209289.0000 466644.0000 303348.0000 118657.0000 324562.0000 268441.0000 270827.0000 -352333.0000 -166245.0000 144577.0000 90630.0000 32434.0000 221579.0000 -411563.0000 -443874.0000 -290689.0000 132680.0000 130250.0000 16482.0000 432036.0000 -498450.0000 -340195.0000 
48635.0000 -391370.0000 132705.0000 -399025.0000 -225635.0000 167173.0000 -408714.0000 -271616.0000 -87853.0000 -180926.0000 -304973.0000 -284506.0000 -43770.0000 38088.0000 2434.0000 245556.0000 -295745.0000 -145312.0000 -109867.0000 294885.0000 387122.0000 130211.0000 -98179.0000 -38253.0000 -141979.0000 -465500.0000 110497.0000 -106998.0000 -14965.0000 112047.0000 52807.0000 -466330.0000 -260824.0000 -314488.0000 153145.0000 -467960.0000 -128816.0000 244432.0000 -239576.0000 283331.0000 82005.0000 473952.0000 17324.0000 -461765.0000 12039.0000 38257.0000 283791.0000 -265207.0000 392945.0000 192423.0000 
-470323.0000 -201434.0000 -177367.0000 -68502.0000 -221188.0000 -300847.0000 484499.0000 389309.0000 92155.0000 -30467.0000 -480145.0000 163462.0000 3203.0000 277531.0000 -132527.0000 174848.0000 309572.0000 238657.0000 -80721.0000 88495.0000 -459514.0000 19783.0000 62446.0000 -423691.0000 58018.0000 92985.0000 -366935.0000 -158191.0000 327778.0000 44509.0000 52731.0000 -124045.0000 343075.0000 375365.0000 -174048.0000 -378113.0000 93017.0000 -189550.0000 29695.0000 -314828.0000 279984.0000 49550.0000 348634.0000 301686.0000 -172919.0000 234606.0000 -23467.0000 -363348.0000 -26738.0000 -85689.0000 
225147.0000 -467753.0000 434095.0000 306093.0000 -391444.0000 -489389.0000 -100923.0000 260121.0000 370920.0000 245354.0000 -195371.0000 -76349.0000 -378692.0000 166204.0000 -200985.0000 -52739.0000 -193410.0000 392032.0000 -223790.0000 336285.0000 95703.0000 74693.0000 -114165.0000 462836.0000 -123621.0000 212916.0000 197441.0000 -128589.0000 -131933.0000 189202.0000 -195778.0000 111713.0000 221449.0000 256816.0000 -82195.0000 -151496.0000 267427.0000 -164619.0000 -391376.0000 138347.0000 -419265.0000 -86746.0000 -438003.0000 220543.0000 -420543.0000 379512.0000 186303.0000 -113953.0000 -209958.0000 462514.0000 
240831.0000 385746.0000 37206.0000 -373335.0000 -132920.0000 -67916.0000 -141920.0000 -435479.0000 -178005.0000 -255354.0000 -227778.0000 126217.0000 356360.0000 493672.0000 -116968.0000 292664.0000 -157825.0000 -349542.0000 146545.0000 469300.0000 -192696.0000 -254221.0000 401053.0000 -130699.0000 466322.0000 480510.0000 -251188.0000 152625.0000 385056.0000 -442646.0000 -366363.0000 125886.0000 443100.0000 -310658.0000 -228949.0000 328679.0000 121427.0000 129131.0000 -88301.0000 443422.0000 373778.0000 183922.0000 -411863.0000 -251364.0000 177593.0000 489669.0000 59799.0000 38267.0000 -359874.0000 -293657.0000 
-473935.0000 -52569.0000 -47878.0000 427118.0000 -164769.0000 436944.0000 407627.0000 -397457.0000 89568.0000 -188819.0000 -340103.0000 223205.0000 437068.0000 121496.0000 412547.0000 -291882.0000 -49826.0000 -447528.0000 -144252.0000 361874.0000 14393.0000 248025.0000 45795.0000 -378971.0000 15160.0000 241887.0000 -389303.0000 -425041.0000 298653.0000 -249176.0000 299802.0000 324719.0000 -283246.0000 270424.0000 251836.0000 51985.0000 207367.0000 -322038.0000 -326973.0000 315434.0000 -10857.0000 -167076.0000 -442863.0000 444710.0000 454420.0000 -11817.0000 171327.0000 -95406.0000 -440845.0000 -472925.0000 
284967.0000 73548.0000 275100.0000 -169239.0000 194578.0000 -209740.0000 91147.0000 -176226.0000 383719.0000 -110201.0000 74598.0000 -297981.0000 -285483.0000 -190149.0000 472443.0000 466354.0000 -119664.0000 -301692.0000 -355685.0000 53363.0000 -486259.0000 -348043.0000 386288.0000 89378.0000 -403333.0000 -140794.0000 -422439.0000 267994.0000 263800.0000 -363284.0000 295069.0000 48766.0000 -271237.0000 -411332.0000 -101974.0000 -58160.0000 397428.0000 489173.0000 265615.0000 -200355.0000 -121028.0000 358712.0000 1664.0000 -388012.0000 187063.0000 -25893.0000 -421659.0000 -432602.0000 -309086.0000 241156.0000 
-360740.0000 223156.0000 393114.0000 44047.0000 -187467.0000 8280.0000 403254.0000 408594.0000 -223727.0000 167053.0000 63809.0000 89842.0000 234319.0000 292573.0000 -302991.0000 150844.0000 252912.0000 -405564.0000 140017.0000 -462975.0000 -105919.0000 37488.0000 395738.0000 395745.0000 149476.0000 -398701.0000 388351.0000 -253683.0000 -331303.0000 -420735.0000 5972.0000 326457.0000 302421.0000 417585.0000 -129496.0000 133453.0000 -74136.0000 -226243.0000 42047.0000 -279363.0000 -40691.0000 -394145.0000 310479.0000 212127.0000 -83073.0000 -492513.0000 -137029.0000 188339.0000 120423.0000 21487.0000 
225364.0000 33003.0000 -441026.0000 -360400.0000 -71253.0000 -273051.0000 -259101.0000 335598.0000 491766.0000 428096.0000 -66638.0000 -2262.0000 254553.0000 254282.0000 -84678.0000 -374944.0000 -112266.0000 -140314.0000 -101187.0000 -51720.0000 80323.0000 -123379.0000 -427365.0000 -109199.0000 -411252.0000 -10438.0000 416788.0000 -48281.0000 196400.0000 -444291.0000 473206.0000 -78236.0000 88712.0000 50679.0000 -420137.0000 -482542.0000 -203873.0000 -179237.0000 -128445.0000 -212107.0000 -251142.0000 304917.0000 -195870.0000 21910.0000 59198.0000 -262049.0000 146966.0000 -34568.0000 97637.0000 64278.0000 
413712.0000 -322041.0000 440900.0000 486347.0000 -412741.0000 48147.0000 494409.0000 22546.0000 499866.0000 190808.0000 78255.0000 -8430.0000 131071.0000 -333034.0000 60748.0000 210935.0000 202925.0000 -124626.0000 50197.0000 -425521.0000 163267.0000 299055.0000 -102104.0000 -14104.0000 339465.0000 -24407.0000 223848.0000 -13570.0000 441025.0000 -178516.0000 69208.0000 -126764.0000 -482057.0000 -471394.0000 -140418.0000 -394798.0000 76753.0000 -146010.0000 -353752.0000 76618.0000 63298.0000 224503.0000 86687.0000 -305632.0000 391470.0000 -352566.0000 405303.0000 -387107.0000 -458693.0000 473999.0000 
-312628.0000 204575.0000 -208447.0000 -396233.0000 208970.0000 -368983.0000 79361.0000 -67183.0000 -364054.0000 -461116.0000 -227199.0000 205154.0000 -87880.0000 -209256.0000 233760.0000 -209798.0000 414446.0000 -189488.0000 -337309.0000 -439307.0000 -94371.0000 225989.0000 -196304.0000 492316.0000 420358.0000 213665.0000 158249.0000 -155841.0000 326558.0000 199557.0000 -181842.0000 32429.0000 422631.0000 109711.0000 136197.0000 -349901.0000 -240773.0000 234057.0000 82917.0000 -104827.0000 272941.0000 -125783.0000 -399673.0000 203561.0000 164961.0000 -147414.0000 493763.0000 -402095.0000 163099.0000 -343547.0000 
177099.0000 87227.0000 -99058.0000 480795.0000 -401958.0000 -178701.0000 -287042.0000 -225210.0000 -316043.0000 -460485.0000 -7154.0000 -479386.0000 71944.0000 433976.0000 -351176.0000 -291860.0000 -415925.0000 -91949.0000 -39304.0000 166992.0000 -178276.0000 -266363.0000 -458792.0000 -77949.0000 -44303.0000 -275332.0000 -206864.0000 -50541.0000 341073.0000 -25266.0000 -375589.0000 18171.0000 -438039.0000 25353.0000 -482536.0000 -339997.0000 -134849.0000 -269578.0000 453293.0000 -432392.0000 288437.0000 -53861.0000 -411778.0000 -139619.0000 -119886.0000 255547.0000 -412980.0000 -35811.0000 182097.0000 47717.0000 
149680.0000 -496180.0000 -200147.0000 190888.0000 444371.0000 255550.0000 -65945.0000 -262493.0000 223508.0000 -224872.0000 212241.0000 -133582.0000 -188202.0000 -207299.0000 391772.0000 347763.0000 471204.0000 275422.0000 96684.0000 424497.0000 343030.0000 -114879.0000 -129365.0000 -50248.0000 -235999.0000 -230752.0000 -294702.0000 -148979.0000 233438.0000 -94106.0000 -82763.0000 -116883.0000 -90285.0000 217090.0000 92505.0000 372585.0000 491139.0000 -473441.0000 128591.0000 -266855.0000 -198313.0000 -159168.0000 99564.0000 -368015.0000 -347968.0000 -490166.0000 479748.0000 -376764.0000 285256.0000 76431.0000 
-452268.0000 128286.0000 461552.0000 436867.0000 -421963.0000 -274448.0000 -293886.0000 301835.0000 -404927.0000 -41949.0000 -292272.0000 12310.0000 341169.0000 -364058.0000 247900.0000 452173.0000 -491473.0000 -242463.0000 478732.0000 -344383.0000 -9317.0000 298919.0000 -3551.0000 108746.0000 430904.0000 -333019.0000 118580.0000 -70850.0000 -209783.0000 422335.0000 -494420.0000 356449.0000 50620.0000 -14368.0000 -188186.0000 -352844.0000 -270317.0000 17928.0000 448991.0000 343256.0000 -5521.0000 175219.0000 374066.0000 354147.0000 311161.0000 121965.0000 306319.0000 -161813.0000 379502.0000 285050.0000 
-6195.0000 388684.0000 -397533.0000 8753.0000 -484072.0000 51870.0000 175734.0000 134508.0000 481020.0000 -15550.0000 56843.0000 5100.0000 -159102.0000 125962.0000 490732.0000 152712.0000 273119.0000 238914.0000 189140.0000 -259392.0000 -399331.0000 202118.0000 415827.0000 474735.0000 56264.0000 -254513.0000 96699.0000 -137418.0000 83674.0000 494700.0000 166131.0000 95978.0000 -98117.0000 268599.0000 123231.0000 -82189.0000 -179532.0000 -201036.0000 70819.0000 -198512.0000 -198086.0000 146161.0000 -174913.0000 -338689.0000 -227878.0000 334318.0000 -167477.0000 63740.0000 73231.0000 -478338.0000 
304349.0000 173900.0000 -257721.0000 220175.0000 148634.0000 298543.0000 465662.0000 263832.0000 -338876.0000 -432165.0000 -222969.0000 -154246.0000 163813.0000 178914.0000 -385648.0000 -212957.0000 -403276.0000 453321.0000 -395493.0000 -313958.0000 273308.0000 -93579.0000 332203.0000 -401606.0000 -413769.0000 -395675.0000 432712.0000 -81246.0000 -313436.0000 -475559.0000 458916.0000 490913.0000 -283159.0000 -298806.0000 211088.0000 365475.0000 499737.0000 -304752.0000 -352194.0000 179360.0000 -236917.0000 -75163.0000 -474886.0000 -54604.0000 -396250.0000 157966.0000 -249062.0000 218974.0000 111286.0000 373945.0000 
405017.0000 403093.0000 298865.0000 -244282.0000 -498514.0000 385097.0000 -139957.0000 -47303.0000 -196150.0000 -434893.0000 -22861.0000 -237234.0000 -443981.0000 193980.0000 -36040.0000 -214394.0000 -422047.0000 482197.0000 -19145.0000 244259.0000 161556.0000 -237563.0000 -330905.0000 -294831.0000 -273668.0000 291345.0000 363136.0000 -22729.0000 10319.0000 492921.0000 -148785.0000 433835.0000 396014.0000 -349920.0000 -310448.0000 -84001.0000 -464824.0000 -431905.0000 -112804.0000 -160974.0000 -366798.0000 364335.0000 -379709.0000 -310779.0000 -423187.0000 84252.0000 493328.0000 173266.0000 66448.0000 -25818.0000 
-82475.0000 246503.0000 -244882.0000 86620.0000 -29828.0000 -18549.0000 -122035.0000 -166693.0000 458722.0000 -93217.0000 344727.0000 328436.0000 -159383.0000 -240761.0000 478516.0000 -451332.0000 -306262.0000 32191.0000 -383237.0000 80934.0000 -110283.0000 -250035.0000 463768.0000 10008.0000 457687.0000 -459420.0000 -405741.0000 451014.0000 213846.0000 -320794.0000 443695.0000 -368630.0000 -55791.0000 -301188.0000 217991.0000 414381.0000 -301238.0000 114455.0000 266187.0000 175983.0000 -478763.0000 110913.0000 4419.0000 380354.0000 -111348.0000 -498567.0000 429022.0000 82390.0000 -447876.0000 64285.0000 
181823.0000 -58159.0000 314250.0000 145590.0000 451849.0000 -209565.0000 186170.0000 64608.0000 259948.0000 418515.0000 -237687.0000 -277859.0000 68385.0000 206522.0000 439454.0000 304875.0000 120902.0000 -361785.0000 -80671.0000 -112912.0000 314199.0000 459066.0000 16501.0000 337117.0000 339419.0000 -76348.0000 338550.0000 -213061.0000 24541.0000 390674.0000 351224.0000 -293637.0000 351014.0000 -316027.0000 351953.0000 302863.0000 492908.0000 -443379.0000 385970.0000 252856.0000 -6365.0000 -351718.0000 474997.0000 -437981.0000 354805.0000 414450.0000 366894.0000 494206.0000 71165.0000 304722.0000 
-118706.0000 -114637.0000 263787.0000 -83706.0000 -277521.0000 -378296.0000 339946.0000 79528.0000 -91356.0000 -135514.0000 488702.0000 -240133.0000 70849.0000 339715.0000 462340.0000 441301.0000 -338924.0000 455248.0000 16421.0000 -452955.0000 208103.0000 28555.0000 213828.0000 -298402.0000 90575.0000 68632.0000 134548.0000 475968.0000 62837.0000 -294288.0000 280690.0000 -37370.0000 -390426.0000 44476.0000 378924.0000 350553.0000 -315320.0000 218869.0000 -69920.0000 93324.0000 101854.0000 437281.0000 -128310.0000 191202.0000 -204505.0000 352530.0000 132502.0000 -43429.0000 307777.0000 167422.0000 
-477884.0000 -465622.0000 -304023.0000 235944.0000 -264024.0000 -194949.0000 -195425.0000 -110977.0000 299518.0000 -114089.0000 94735.0000 80207.0000 -132959.0000 -277192.0000 143183.0000 -254036.0000 -426640.0000 327863.0000 -16667.0000 -478060.0000 439686.0000 103686.0000 459221.0000 329875.0000 -205112.0000 -245285.0000 182404.0000 427390.0000 -270214.0000 -9820.0000 -386689.0000 -248098.0000 -456943.0000 327788.0000 6345.0000 297534.0000 151338.0000 -170581.0000 -313444.0000 -49145.0000 215330.0000 -200209.0000 -468938.0000 -417630.0000 22599.0000 -307256.0000 346835.0000 95960.0000 39106.0000 348667.0000 
117900.0000 -21209.0000 -47648.0000 -404381.0000 327165.0000 247240.0000 -149665.0000 9569.0000 -306871.0000 -401380.0000 18248.0000 324940.0000 369022.0000 61306.0000 152727.0000 -124634.0000 -141161.0000 -195936.0000 204785.0000 -436106.0000 -226582.0000 438614.0000 -136315.0000 322980.0000 -479016.0000 386285.0000 -484277.0000 -113682.0000 -17756.0000 54829.0000 253484.0000 -399857.0000 52119.0000 -294165.0000 -304238.0000 397784.0000 -28425.0000 -435404.0000 425852.0000 -316797.0000 181716.0000 -55901.0000 -491858.0000 50737.0000 23904.0000 160869.0000 426103.0000 -98758.0000 -16568.0000 130887.0000 
-34863.0000 -224651.0000 69501.0000 328822.0000 -401671.0000 -391016.0000 215106.0000 -385948.0000 -486199.0000 215849.0000 -312619.0000 267285.0000 -165509.0000 -242001.0000 -8381.0000 -451247.0000 174282.0000 463194.0000 -386651.0000 100133.0000 -353604.0000 -186435.0000 62732.0000 173038.0000 364302.0000 -413365.0000 352406.0000 -191096.0000 -493623.0000 -164163.0000 -41710.0000 -28486.0000 111187.0000 46290.0000 318835.0000 -271985.0000 155274.0000 -447560.0000 360567.0000 -312426.0000 268289.0000 -452053.0000 -26642.0000 -397220.0000 324447.0000 464978.0000 -348467.0000 -1272.0000 -53330.0000 283382.0000 
117361.0000 -388434.0000 115446.0000 -319908.0000 284604.0000 -20252.0000 285227.0000 137010.0000 -192849.0000 291604.0000 -8654.0000 265441.0000 281617.0000 121032.0000 -188269.0000 100452.0000 349047.0000 -14496.0000 -328609.0000 209614.0000 -308422.0000 -41821.0000 -223940.0000 164936.0000 60959.0000 119006.0000 129913.0000 -269009.0000 -382266.0000 -423417.0000 32873.0000 235095.0000 206649.0000 166818.0000 -66314.0000 -8748.0000 165065.0000 -281088.0000 146761.0000 472216.0000 -489484.0000 -361893.0000 237657.0000 292133.0000 -222362.0000 67887.0000 411084.0000 -373315.0000 -446610.0000 -417526.0000 
-145202.0000 -255032.0000 40654.0000 130858.0000 -71596.0000 120112.0000 -250136.0000 -441684.0000 -130397.0000 386098.0000 153399.0000 -79025.0000 -360309.0000 -139953.0000 -412208.0000 73377.0000 -130201.0000 252858.0000 292289.0000 -483441.0000 -256428.0000 -178696.0000 173166.0000 481229.0000 131937.0000 450805.0000 -432386.0000 43020.0000 95989.0000 139505.0000 -356006.0000 450787.0000 -97028.0000 -296853.0000 -399857.0000 331376.0000 -158242.0000 368507.0000 389693.0000 211361.0000 -226897.0000 -438410.0000 150835.0000 -87206.0000 440138.0000 -242873.0000 4670.0000 328436.0000 28484.0000 315459.0000 
-136506.0000 272056.0000 -363238.0000 -463340.0000 -228216.0000 268699.0000 5964.0000 -160602.0000 330219.0000 -398048.0000 478903.0000 474213.0000 71238.0000 -118125.0000 -322641.0000 -310120.0000 -286750.0000 19117.0000 -441613.0000 121442.0000 248978.0000 -168510.0000 -298468.0000 418312.0000 -237216.0000 -358331.0000 -324562.0000 267454.0000 -11396.0000 203922.0000 -398589.0000 352098.0000 -24022.0000 -261826.0000 -92743.0000 -233739.0000 25372.0000 413221.0000 105659.0000 -144410.0000 33672.0000 84562.0000 348302.0000 123409.0000 -15064.0000 -474340.0000 313290.0000 198186.0000 -436723.0000 371677.0000 
338128.0000 -169246.0000 221666.0000 -460341.0000 -250935.0000 484450.0000 199828.0000 443004.0000 -229597.0000 -311569.0000 -334576.0000 -128186.0000 -459472.0000 141402.0000 -371513.0000 -52214.0000 -73838.0000 -327641.0000 379506.0000 -468179.0000 27949.0000 -86822.0000 -365118.0000 -123749.0000 -463414.0000 119818.0000 420411.0000 -131625.0000 336503.0000 2187.0000 -259949.0000 174630.0000 332941.0000 -19783.0000 -267212.0000 100506.0000 -35334.0000 432616.0000 43509.0000 -246432.0000 139546.0000 208933.0000 -356118.0000 180075.0000 368835.0000 290869.0000 146360.0000 -205004.0000 463228.0000 -455636.0000 
345317.0000 -8823.0000 476042.0000 480199.0000 -114073.0000 31128.0000 100016.0000 -193663.0000 399503.0000 -63481.0000 -172976.0000 158054.0000 129648.0000 -340036.0000 -361730.0000 362437.0000 -221031.0000 -378565.0000 295052.0000 -159023.0000 -124996.0000 -65402.0000 -450090.0000 -462615.0000 133172.0000 -62756.0000 328254.0000 298031.0000 -249261.0000 -190019.0000 342395.0000 -403944.0000 -180343.0000 -163064.0000 -423746.0000 205584.0000 368064.0000 -305230.0000 30420.0000 267566.0000 131289.0000 -124057.0000 -74381.0000 -239064.0000 35908.0000 63889.0000 -376628.0000 -166624.0000 185325.0000 -63076.0000 
174354.0000 78828.0000 -109979.0000 -257237.0000 -365288.0000 -476808.0000 180007.0000 -18535.0000 -160278.0000 -50755.0000 291446.0000 200616.0000 45301.0000 -388898.0000 -462449.0000 -359945.0000 -164815.0000 405615.0000 -165175.0000 -115895.0000 173181.0000 466114.0000 260048.0000 117299.0000 245549.0000 314455.0000 -318812.0000 -112579.0000 -352169.0000 -114988.0000 324345.0000 -159316.0000 -17661.0000 -285635.0000 83447.0000 117051.0000 256057.0000 -236547.0000 -401485.0000 114278.0000 212698.0000 -91539.0000 -185107.0000 276499.0000 -461938.0000 -147555.0000 416554.0000 391748.0000 -241941.0000 -248622.0000 
294352.0000 -50261.0000 235991.0000 -427102.0000 -432962.0000 -18461.0000 387354.0000 266726.0000 -112541.0000 53684.0000 -348263.0000 -288197.0000 -87133.0000 134076.0000 444668.0000 496314.0000 269626.0000 -280777.0000 278266.0000 368141.0000 333501.0000 -490538.0000 295101.0000 -351606.0000 285961.0000 333164.0000 -480662.0000 -278987.0000 224911.0000 -222603.0000 -27609.0000 19262.0000 227137.0000 226881.0000 92160.0000 -187326.0000 -291580.0000 498013.0000 -420601.0000 -385622.0000 -429805.0000 -268864.0000 -173818.0000 -16938.0000 -116289.0000 289349.0000 -20625.0000 -346664.0000 27072.0000 276140.0000 
39976.0000 -139428.0000 285603.0000 -164923.0000 -472535.0000 71563.0000 186740.0000 -453197.0000 292577.0000 -88350.0000 342701.0000 283467.0000 -50589.0000 -411664.0000 10348.0000 -458430.0000 -98990.0000 -262733.0000 58083.0000 -19591.0000 -148355.0000 -353223.0000 -269956.0000 -303674.0000 129840.0000 113755.0000 485676.0000 127714.0000 -214410.0000 -468754.0000 -96146.0000 325566.0000 -108182.0000 -310544.0000 179142.0000 437784.0000 -220482.0000 -134119.0000 3086.0000 -427906.0000 -203970.0000 -154214.0000 -125939.0000 245441.0000 -65878.0000 384409.0000 -194489.0000 335132.0000 140175.0000 -117907.0000 
334040.0000 10319.0000 28870.0000 -435917.0000 206646.0000 -341291.0000 177838.0000 -289180.0000 -195077.0000 -18073.0000 -257934.0000 208777.0000 325993.0000 -347617.0000 -83268.0000 5134.0000 108666.0000 196250.0000 -110485.0000 -388248.0000 -213156.0000 -295956.0000 476038.0000 160905.0000 449486.0000 -89840.0000 -436188.0000 273496.0000 263791.0000 203987.0000 -344412.0000 -383670.0000 -285695.0000 -297043.0000 -319587.0000 -60550.0000 -138333.0000 -123249.0000 150270.0000 -314911.0000 358678.0000 -89165.0000 393866.0000 184670.0000 -418282.0000 -189403.0000 208304.0000 190384.0000 -493154.0000 116318.0000 
302136.0000 -206310.0000 320362.0000 278174.0000 -26906.0000 269847.0000 206833.0000 36906.0000 -438159.0000 489123.0000 259392.0000 235929.0000 -394548.0000 -7803.0000 438887.0000 304366.0000 431647.0000 319053.0000 -318884.0000 -399584.0000 -495859.0000 58293.0000 -470250.0000 398007.0000 -257037.0000 -388532.0000 227103.0000 -30234.0000 301853.0000 -247552.0000 -413917.0000 -377513.0000 46139.0000 406445.0000 -80840.0000 37732.0000 -305209.0000 -374008.0000 -425362.0000 -243368.0000 133615.0000 334030.0000 11061.0000 239067.0000 -173774.0000 -50053.0000 -438069.0000 276373.0000 -231001.0000 -256953.0000 
-104712.0000 -226860.0000 301341.0000 -74962.0000 189646.0000 62803.0000 36507.0000 -83252.0000 51068.0000 356859.0000 169196.0000 137151.0000 479346.0000 233834.0000 -437906.0000 -101494.0000 -228434.0000 -243115.0000 -457003.0000 364704.0000 -467983.0000 176612.0000 198733.0000 -438423.0000 434179.0000 43459.0000 11524.0000 496110.0000 338331.0000 -200978.0000 257657.0000 -266382.0000 72162.0000 -422504.0000 -322845.0000 280307.0000 -341202.0000 213662.0000 -302946.0000 209866.0000 70520.0000 -115251.0000 -152984.0000 -431635.0000 137083.0000 427610.0000 485371.0000 408649.0000 202995.0000 -471633.0000 
273352.0000 -246489.0000 -276521.0000 490584.0000 -184912.0000 -342343.0000 -447459.0000 326612.0000 172266.0000 -90629.0000 -374367.0000 448422.0000 142989.0000 -283706.0000 -474083.0000 320145.0000 496601.0000 -315285.0000 -447695.0000 212154.0000 -86920.0000 -358675.0000 115402.0000 -221405.0000 228190.0000 -247516.0000 -293795.0000 213560.0000 179632.0000 409200.0000 241927.0000 471483.0000 -337290.0000 465406.0000 462067.0000 -22202.0000 141562.0000 33107.0000 322909.0000 332328.0000 442479.0000 -32959.0000 280749.0000 -396034.0000 183335.0000 -174834.0000 -57390.0000 -301566.0000 -471620.0000 -5084.0000 
410588.0000 -58539.0000 -345260.0000 25989.0000 -261445.0000 382930.0000 -203027.0000 -55240.0000 96489.0000 476605.0000 372459.0000 356915.0000 448088.0000 53668.0000 -159180.0000 -71347.0000 49965.0000 482382.0000 -19741.0000 -127127.0000 -166792.0000 -77263.0000 339914.0000 132457.0000 -454797.0000 -458253.0000 -23878.0000 -12187.0000 -259819.0000 4502.0000 1228.0000 169268.0000 -35538.0000 155968.0000 -304743.0000 203018.0000 -442604.0000 -489271.0000 166277.0000 153885.0000 487334.0000 38736.0000 -470701.0000 -46080.0000 110903.0000 -129881.0000 -98928.0000 -339132.0000 371000.0000 381332.0000 
-447760.0000 -295792.0000 322568.0000 -89346.0000 336665.0000 367771.0000 -47599.0000 -187214.0000 374084.0000 -288918.0000 -164213.0000 -124689.0000 380350.0000 300250.0000 49779.0000 94106.0000 -478234.0000 -374326.0000 104835.0000 -293458.0000 -201941.0000 -389332.0000 245278.0000 -172642.0000 64588.0000 374681.0000 197477.0000 465661.0000 -464452.0000 68476.0000 -134509.0000 106288.0000 272684.0000 -311942.0000 -483059.0000 -372153.0000 74329.0000 487843.0000 459133.0000 -51588.0000 -301076.0000 -205080.0000 -157778.0000 97773.0000 113669.0000 -89500.0000 -308121.0000 -346066.0000 36175.0000 -184787.0000 
-139524.0000 334234.0000 -74119.0000 124254.0000 -338409.0000 490470.0000 -1066.0000 359068.0000 -25371.0000 -447019.0000 446043.0000 340120.0000 159269.0000 218727.0000 46677.0000 176211.0000 -134927.0000 -378995.0000 -317448.0000 -175794.0000 -412084.0000 399976.0000 -362375.0000 -69861.0000 -2252.0000 251294.0000 -140862.0000 -291874.0000 -76273.0000 395313.0000 23340.0000 284203.0000 -251955.0000 449221.0000 -91544.0000 -90364.0000 -41811.0000 -74111.0000 287203.0000 -48683.0000 -21130.0000 233246.0000 309936.0000 -361861.0000 470472.0000 -143387.0000 -167151.0000 354044.0000 -22382.0000 -466100.0000 
-321751.0000 65535.0000 433876.0000 334374.0000 14173.0000 450123.0000 -395834.0000 373311.0000 -341751.0000 27893.0000 268624.0000 -299912.0000 330596.0000 35168.0000 167808.0000 -260949.0000 444805.0000 144497.0000 -316560.0000 -249494.0000 -404187.0000 162310.0000 2251.0000 405750.0000 -181052.0000 491222.0000 -237638.0000 -329704.0000 345266.0000 -241521.0000 222696.0000 42014.0000 -157487.0000 156571.0000 -123612.0000 356686.0000 -374807.0000 499054.0000 -251504.0000 -216558.0000 26947.0000 35619.0000 -497971.0000 -142458.0000 -429214.0000 169837.0000 -384908.0000 -484410.0000 332833.0000 -201468.0000 
284597.0000 428647.0000 -20658.0000 305347.0000 -147105.0000 -183211.0000 296569.0000 -366244.0000 -494415.0000 -339667.0000 -107765.0000 228281.0000 202347.0000 -246752.0000 -115148.0000 97234.0000 -390067.0000 -471456.0000 96288.0000 -141571.0000 -188014.0000 141734.0000 394048.0000 332515.0000 499276.0000 464835.0000 -479150.0000 132867.0000 -1076.0000 353684.0000 -50101.0000 302020.0000 282330.0000 429241.0000 107367.0000 153724.0000 264529.0000 422435.0000 287480.0000 270114.0000 -417233.0000 198214.0000 -1605.0000 -196387.0000 451462.0000 -98254.0000 -80653.0000 79895.0000 -69710.0000 34134.0000 
-43177.0000 -239225.0000 -324133.0000 369371.0000 111789.0000 193642.0000 334205.0000 132639.0000 345008.0000 351628.0000 -13678.0000 -205094.0000 -327853.0000 287151.0000 242646.0000 279514.0000 -59126.0000 7175.0000 201948.0000 246853.0000 -222712.0000 -196786.0000 -54933.0000 -205818.0000 106827.0000 415028.0000 -285573.0000 -473827.0000 -5078.0000 -336784.0000 -421194.0000 451746.0000 442491.0000 -245327.0000 -160385.0000 54279.0000 -33186.0000 192319.0000 -313082.0000 -188178.0000 43946.0000 173240.0000 -374773.0000 -265408.0000 -39609.0000 367874.0000 -485895.0000 -80236.0000 -124952.0000 -265448.0000 
-333383.0000 -329165.0000 -443735.0000 -369817.0000 483518.0000 163093.0000 -454790.0000 -302056.0000 -292235.0000 -441368.0000 -138839.0000 -213428.0000 28877.0000 322151.0000 -440256.0000 368492.0000 -123570.0000 -454942.0000 60810.0000 63348.0000 375380.0000 123255.0000 255087.0000 -499394.0000 357848.0000 -284523.0000 368480.0000 -109548.0000 -346259.0000 262027.0000 -356496.0000 -179642.0000 432863.0000 -300231.0000 -49459.0000 416380.0000 -118639.0000 -485750.0000 132823.0000 -392374.0000 91382.0000 12483.0000 412698.0000 -379742.0000 -165366.0000 -9059.0000 488750.0000 211064.0000 35999.0000 -431942.0000 
292911.0000 429878.0000 191314.0000 47997.0000 430485.0000 -432340.0000 263475.0000 -182537.0000 -41888.0000 417216.0000 -420510.0000 -379885.0000 256073.0000 30852.0000 -180115.0000 225113.0000 -52769.0000 -280255.0000 -242138.0000 98553.0000 -172629.0000 349245.0000 -388964.0000 -259932.0000 469503.0000 464170.0000 231010.0000 -23248.0000 175233.0000 285508.0000 -436691.0000 -31857.0000 215386.0000 254623.0000 -483861.0000 -335631.0000 -159218.0000 -201887.0000 -18168.0000 -182606.0000 233828.0000 61322.0000 -62491.0000 -491601.0000 110673.0000 -224107.0000 233512.0000 -442097.0000 -4361.0000 9874.0000 
-325044.0000 323010.0000 -140882.0000 304492.0000 81578.0000 -171380.0000 268661.0000 331087.0000 -176129.0000 462393.0000 116594.0000 -112819.0000 -69465.0000 -168021.0000 160303.0000 465174.0000 -485153.0000 -498915.0000 281787.0000 -3320.0000 -181521.0000 -465887.0000 76501.0000 255988.0000 61013.0000 -312826.0000 -468119.0000 313024.0000 263577.0000 -453981.0000 -177103.0000 438533.0000 369029.0000 182015.0000 243024.0000 469106.0000 29135.0000 -469817.0000 300192.0000 353006.0000 492576.0000 -83214.0000 -259814.0000 441610.0000 -232736.0000 -81011.0000 406784.0000 -217888.0000 -79926.0000 -292931.0000 
-202709.0000 238553.0000 259682.0000 373792.0000 -486961.0000 -179306.0000 -439035.0000 63420.0000 -366282.0000 -156958.0000 109439.0000 -43385.0000 300074.0000 496968.0000 -361370.0000 43098.0000 466073.0000 -313736.0000 73281.0000 266265.0000 -460731.0000 -415644.0000 201550.0000 297956.0000 -474035.0000 -12687.0000 -283056.0000 -48752.0000 -212076.0000 137018.0000 158317.0000 85215.0000 394070.0000 -82001.0000 477507.0000 -74392.0000 -242808.0000 56971.0000 489029.0000 -109090.0000 400013.0000 98467.0000 -133975.0000 200087.0000 -386067.0000 4655.0000 261684.0000 -419994.0000 190919.0000 353464.0000 
-135230.0000 -251313.0000 437820.0000 84819.0000 -453358.0000 463786.0000 90631.0000 282086.0000 -84967.0000 378556.0000 437603.0000 91850.0000 482270.0000 331672.0000 28348.0000 459776.0000 275780.0000 285540.0000 16747.0000 264808.0000 -323550.0000 -83241.0000 381774.0000 -439026.0000 135345.0000 495708.0000 -415872.0000 -102972.0000 94213.0000 -206454.0000 -249508.0000 -22518.0000 42233.0000 206811.0000 80800.0000 -392625.0000 170596.0000 -328570.0000 389461.0000 104129.0000 -450015.0000 -154437.0000 -304022.0000 -467745.0000 195734.0000 224326.0000 10530.0000 -28487.0000 9865.0000 -472724.0000 
-263680.0000 -295186.0000 462536.0000 -381906.0000 -234212.0000 97880.0000 132301.0000 -150084.0000 13408.0000 245013.0000 143462.0000 -217601.0000 -277506.0000 204195.0000 489210.0000 -178207.0000 311570.0000 159806.0000 -6777.0000 -280471.0000 -236066.0000 -438292.0000 65092.0000 -40088.0000 112463.0000 -239174.0000 202737.0000 -377008.0000 232339.0000 -287399.0000 -349731.0000 -12841.0000 435916.0000 131304.0000 -376248.0000 -298297.0000 -270817.0000 256053.0000 -429881.0000 -238910.0000 1065.0000 -267920.0000 43489.0000 -257942.0000 436275.0000 32699.0000 63851.0000 247844.0000 211004.0000 75573.0000 
-14127.0000 -6563.0000 137281.0000 -449036.0000 453349.0000 -250257.0000 330290.0000 -325416.0000 391236.0000 62629.0000 -112815.0000 -458496.0000 -450213.0000 341600.0000 -308693.0000 -326461.0000 61803.0000 438990.0000 -51909.0000 131922.0000 -299920.0000 -32345.0000 364002.0000 243569.0000 -271788.0000 300277.0000 294767.0000 -189438.0000 -433381.0000 5770.0000 386135.0000 52492.0000 499207.0000 23416.0000 -378044.0000 -28946.0000 -208342.0000 452246.0000 145638.0000 -317107.0000 14874.0000 51323.0000 242897.0000 -416840.0000 -107078.0000 434204.0000 275199.0000 -26776.0000 -108307.0000 241789.0000 
-394855.0000 91773.0000 227943.0000 -12353.0000 -164659.0000 456155.0000 306423.0000 148608.0000 -233284.0000 373042.0000 -345623.0000 171351.0000 444034.0000 -346416.0000 213266.0000 -434011.0000 124638.0000 -495077.0000 36734.0000 288776.0000 206317.0000 70108.0000 -159902.0000 467713.0000 153268.0000 -248481.0000 -79584.0000 446967.0000 224744.0000 312109.0000 188755.0000 -151612.0000 -96119.0000 435198.0000 336035.0000 -242279.0000 391352.0000 -339044.0000 406329.0000 176568.0000 52498.0000 -439294.0000 -152082.0000 -3469.0000 232790.0000 -438817.0000 -418981.0000 375927.0000 84606.0000 117753.0000 
-316799.0000 309422.0000 -312140.0000 -458202.0000 277135.0000 -140372.0000 -206682.0000 -302450.0000 -193406.0000 36561.0000 -490342.0000 13848.0000 -96552.0000 432039.0000 467545.0000 257983.0000 -310241.0000 358897.0000 418939.0000 114588.0000 -446037.0000 -28564.0000 -306207.0000 420381.0000 -13534.0000 426583.0000 481564.0000 -414016.0000 -178992.0000 -415332.0000 203738.0000 4210.0000 394091.0000 -89903.0000 46008.0000 171225.0000 269725.0000 -142175.0000 -112726.0000 94818.0000 -87115.0000 -103068.0000 127166.0000 316334.0000 -171030.0000 94710.0000 74316.0000 -462772.0000 472106.0000 -6746.0000 
-329685.0000 -473932.0000 -16810.0000 -135892.0000 446449.0000 -11845.0000 309190.0000 -53489.0000 74140.0000 148698.0000 31180.0000 -222123.0000 -347093.0000 443770.0000 187974.0000 -282586.0000 -366507.0000 476199.0000 75240.0000 20767.0000 -410485.0000 488125.0000 417699.0000 216681.0000 304458.0000 265168.0000 329891.0000 397273.0000 -179105.0000 301996.0000 409027.0000 -8789.0000 -153436.0000 -107784.0000 -126182.0000 311512.0000 380371.0000 201508.0000 -241977.0000 -45490.0000 -149795.0000 -192298.0000 -249114.0000 3112.0000 269971.0000 -42640.0000 220526.0000 403464.0000 452058.0000 314265.0000 
-75770.0000 -458428.0000 302390.0000 -158072.0000 -223247.0000 -374654.0000 125595.0000 -393357.0000 -477381.0000 -35011.0000 -72862.0000 -49855.0000 -25301.0000 273702.0000 342361.0000 348518.0000 85214.0000 -258770.0000 50025.0000 -138264.0000 -285760.0000 400230.0000 169438.0000 483626.0000 421841.0000 -60592.0000 -59015.0000 142366.0000 -157129.0000 411542.0000 475131.0000 -214400.0000 453115.0000 277520.0000 127528.0000 248367.0000 -78635.0000 271622.0000 355010.0000 462484.0000 -263390.0000 300647.0000 -87372.0000 211310.0000 74349.0000 273488.0000 -421674.0000 178062.0000 33218.0000 -353150.0000 
-460203.0000 247458.0000 -452921.0000 -272266.0000 231083.0000 468920.0000 -314359.0000 190568.0000 -370216.0000 28512.0000 102109.0000 -395086.0000 314112.0000 -426278.0000 -99067.0000 460139.0000 322089.0000 -159202.0000 -249741.0000 -304403.0000 321781.0000 -494632.0000 496245.0000 -265591.0000 -264823.0000 -410908.0000 26396.0000 -186497.0000 267154.0000 -440387.0000 -39647.0000 -174550.0000 307071.0000 -474069.0000 53184.0000 -443347.0000 13350.0000 238825.0000 -234280.0000 -338366.0000 285836.0000 -113672.0000 285048.0000 -381554.0000 -39949.0000 204481.0000 97084.0000 300639.0000 -454722.0000 -134158.0000 
14736.0000 367059.0000 -128790.0000 -470521.0000 119967.0000 106388.0000 137071.0000 -353637.0000 -61610.0000 -95776.0000 -294024.0000 -82757.0000 -251827.0000 31547.0000 -56826.0000 301357.0000 88200.0000 -24976.0000 -441320.0000 353920.0000 136658.0000 -136985.0000 258747.0000 -78295.0000 -18539.0000 -281203.0000 144685.0000 97044.0000 37936.0000 189963.0000 462886.0000 71171.0000 -424479.0000 352595.0000 -380851.0000 -286013.0000 -41018.0000 256220.0000 -139650.0000 -84128.0000 -339557.0000 -415174.0000 333115.0000 -91384.0000 116373.0000 294788.0000 228472.0000 223072.0000 -230189.0000 -194349.0000 
-404510.0000 -75032.0000 168666.0000 354237.0000 -134827.0000 168626.0000 91534.0000 -490143.0000 -234331.0000 -370531.0000 199821.0000 247054.0000 -280861.0000 -206159.0000 99648.0000 -161712.0000 7828.0000 77130.0000 -405493.0000 -113322.0000 493002.0000 273450.0000 -28496.0000 326116.0000 200565.0000 -412124.0000 120903.0000 447536.0000 310948.0000 -90786.0000 -246814.0000 406438.0000 334182.0000 421852.0000 260674.0000 -300646.0000 -391024.0000 370707.0000 -290788.0000 393145.0000 18675.0000 -72468.0000 140198.0000 237814.0000 221373.0000 258345.0000 94601.0000 247700.0000 -164526.0000 189108.0000 
-365623.0000 346975.0000 481057.0000 105881.0000 173090.0000 181621.0000 -287744.0000 312493.0000 129156.0000 41703.0000 -278294.0000 -99159.0000 466640.0000 74387.0000 341192.0000 227314.0000 273742.0000 450168.0000 -383481.0000 1453.0000 -138189.0000 135195.0000 428985.0000 -497992.0000 -126992.0000 -331144.0000 -221147.0000 467610.0000 416556.0000 -367174.0000 -324784.0000 69433.0000 479802.0000 -343727.0000 -324687.0000 152891.0000 -143607.0000 406070.0000 483883.0000 485550.0000 -52228.0000 -294412.0000 404890.0000 -85588.0000 279976.0000 246082.0000 160225.0000 -427784.0000 -285252.0000 276744.0000 
73669.0000 76560.0000 -88062.0000 -478848.0000 -402933.0000 -196554.0000 -309992.0000 -124080.0000 -228945.0000 125063.0000 8747.0000 464771.0000 -305505.0000 -11452.0000 -378957.0000 388309.0000 159938.0000 -22563.0000 294378.0000 143821.0000 481486.0000 -257851.0000 -132092.0000 386375.0000 -324940.0000 166383.0000 -349045.0000 335285.0000 -242902.0000 -134296.0000 -369472.0000 330767.0000 442264.0000 42466.0000 351919.0000 -460670.0000 345912.0000 60426.0000 -84749.0000 135466.0000 -314511.0000 -57503.0000 100237.0000 -120016.0000 -50456.0000 -260221.0000 -231708.0000 -390519.0000 217216.0000 81169.0000 
-228199.0000 -282800.0000 -158182.0000 139710.0000 122075.0000 16878.0000 324592.0000 273030.0000 370663.0000 -418310.0000 -361267.0000 -498810.0000 -69044.0000 -419004.0000 43656.0000 301375.0000 138827.0000 408068.0000 -138200.0000 72577.0000 -437968.0000 47289.0000 -484927.0000 162269.0000 -54227.0000 -35383.0000 -79452.0000 -267436.0000 -407403.0000 156263.0000 313734.0000 -135601.0000 373464.0000 -344449.0000 22608.0000 -4462.0000 -309072.0000 365699.0000 287067.0000 -438410.0000 447389.0000 -55700.0000 -437220.0000 396845.0000 -456205.0000 -375064.0000 198219.0000 182622.0000 51503.0000 -439982.0000 
-244802.0000 113535.0000 -374193.0000 288771.0000 294304.0000 71580.0000 -246613.0000 -285149.0000 -177357.0000 364485.0000 371114.0000 -363624.0000 247383.0000 -236924.0000 310427.0000 288490.0000 -222887.0000 19855.0000 154188.0000 -435820.0000 81445.0000 -379924.0000 8480.0000 -337275.0000 -483080.0000 -429226.0000 306161.0000 215139.0000 253397.0000 376163.0000 275157.0000 -491406.0000 -491804.0000 -80537.0000 -184135.0000 302500.0000 491043.0000 -412249.0000 35850.0000 -186314.0000 452236.0000 425464.0000 468562.0000 199618.0000 -311461.0000 -202512.0000 -11893.0000 484153.0000 317343.0000 160795.0000 
-451668.0000 417287.0000 280871.0000 -424689.0000 98511.0000 -183710.0000 -353915.0000 423171.0000 -468572.0000 -82019.0000 299333.0000 -174916.0000 445076.0000 -173971.0000 244548.0000 -239060.0000 147028.0000 -245911.0000 -151309.0000 -317122.0000 -413726.0000 319427.0000 126841.0000 73336.0000 19044.0000 315380.0000 370824.0000 25651.0000 299532.0000 -293335.0000 204945.0000 -133637.0000 142451.0000 -14185.0000 460174.0000 259462.0000 -179396.0000 124759.0000 -298869.0000 -147968.0000 61239.0000 18964.0000 -304385.0000 6314.0000 344993.0000 -41338.0000 -214247.0000 -7980.0000 212752.0000 134445.0000 
-306603.0000 -182475.0000 -46129.0000 320238.0000 390861.0000 -8586.0000 -345883.0000 -219817.0000 35564.0000 -27852.0000 -13152.0000 -259492.0000 -142989.0000 147799.0000 -255178.0000 -182816.0000 425760.0000 65426.0000 -39558.0000 -373110.0000 -64043.0000 40181.0000 145854.0000 131573.0000 -453506.0000 -9154.0000 -409766.0000 -167752.0000 482867.0000 -178515.0000 -14808.0000 194763.0000 139011.0000 -42438.0000 15001.0000 29871.0000 -32525.0000 169118.0000 310055.0000 -496961.0000 -358735.0000 315402.0000 262047.0000 -1724.0000 481700.0000 -493131.0000 -166040.0000 407459.0000 -409206.0000 -187099.0000 
-465651.0000 26752.0000 353082.0000 -301298.0000 176824.0000 -81924.0000 189549.0000 -214443.0000 -231177.0000 -309086.0000 107043.0000 254015.0000 385677.0000 264553.0000 230076.0000 419177.0000 -205577.0000 -302450.0000 88294.0000 122977.0000 219089.0000 229560.0000 456879.0000 -18864.0000 246335.0000 438578.0000 -11995.0000 -419706.0000 -135464.0000 -402702.0000 411696.0000 417385.0000 124050.0000 264777.0000 -383914.0000 -199127.0000 -317148.0000 -175866.0000 86431.0000 -48325.0000 15048.0000 211973.0000 224189.0000 419225.0000 -23475.0000 -45736.0000 338401.0000 -210553.0000 -329686.0000 -73305.0000 
412425.0000 389403.0000 174754.0000 -112198.0000 -129462.0000 439588.0000 344879.0000 -122958.0000 38382.0000 -290586.0000 -25659.0000 -49923.0000 -373202.0000 116890.0000 233353.0000 261385.0000 -63737.0000 416206.0000 -414482.0000 41193.0000 386380.0000 -380934.0000 -246835.0000 -370932.0000 -461710.0000 -251811.0000 83332.0000 376691.0000 37636.0000 -227855.0000 321885.0000 468560.0000 -338452.0000 -484863.0000 -143639.0000 -449415.0000 -26775.0000 -298760.0000 446128.0000 -488394.0000 429154.0000 -79532.0000 480183.0000 74452.0000 55857.0000 213535.0000 -164164.0000 492120.0000 -351761.0000 -78646.0000 
33312.0000 53119.0000 40420.0000 -195024.0000 182187.0000 -402791.0000 53165.0000 284018.0000 -7600.0000 109301.0000 -443837.0000 -185716.0000 77860.0000 -282289.0000 347922.0000 -47279.0000 286796.0000 -178854.0000 -327540.0000 232923.0000 351252.0000 120113.0000 171890.0000 331434.0000 -305436.0000 -272253.0000 44968.0000 30400.0000 238366.0000 -288293.0000 -29746.0000 -228322.0000 264826.0000 29173.0000 -404847.0000 -52988.0000 -355118.0000 -333182.0000 -268971.0000 137282.0000 276119.0000 -212808.0000 -29935.0000 372478.0000 -476598.0000 336486.0000 343698.0000 310199.0000 -342369.0000 -483843.0000 
-438380.0000 -491118.0000 -345230.0000 233511.0000 -141185.0000 -150666.0000 461258.0000 403784.0000 -101766.0000 199623.0000 -384510.0000 -113013.0000 -10200.0000 380316.0000 -65341.0000 84954.0000 345827.0000 79541.0000 251772.0000 -423145.0000 -283178.0000 -453611.0000 -135952.0000 -294613.0000 418867.0000 405950.0000 -458128.0000 -218936.0000 216148.0000 218004.0000 315721.0000 277769.0000 -254615.0000 470491.0000 -470222.0000 104201.0000 -180175.0000 491036.0000 -473517.0000 -263442.0000 -290843.0000 160473.0000 123545.0000 -282543.0000 -440713.0000 -441797.0000 -179090.0000 405114.0000 137745.0000 91181.0000 
481969.0000 -126934.0000 137570.0000 364516.0000 78453.0000 -425065.0000 270466.0000 120326.0000 -144001.0000 -494888.0000 -161671.0000 190220.0000 -198620.0000 83714.0000 160710.0000 -168842.0000 206414.0000 480535.0000 -177807.0000 232897.0000 -282908.0000 -450150.0000 -106631.0000 -140864.0000 285807.0000 -47344.0000 -82660.0000 -393284.0000 -142231.0000 73584.0000 197897.0000 358238.0000 446650.0000 353966.0000 222753.0000 -456398.0000 -52600.0000 -488283.0000 163928.0000 -178101.0000 -483170.0000 20756.0000 -487882.0000 -181790.0000 122969.0000 172828.0000 149369.0000 -170617.0000 -328138.0000 -9939.0000 
-437721.0000 407454.0000 -441590.0000 474149.0000 -233410.0000 344217.0000 -73196.0000 -297571.0000 450933.0000 -196927.0000 276013.0000 -332672.0000 -338690.0000 222662.0000 39793.0000 -97438.0000 266264.0000 5693.0000 -85720.0000 448691.0000 327592.0000 -68890.0000 487946.0000 -141791.0000 -232181.0000 110915.0000 49536.0000 417188.0000 -41203.0000 221398.0000 425749.0000 -460425.0000 -352649.0000 484159.0000 -486277.0000 -86059.0000 328376.0000 459028.0000 -365131.0000 -202193.0000 280600.0000 410882.0000 483636.0000 441910.0000 -347958.0000 -458073.0000 362971.0000 -63194.0000 47620.0000 -222750.0000 
-114504.0000 393711.0000 -273141.0000 391942.0000 270419.0000 -486822.0000 -478645.0000 -180045.0000 430366.0000 -19848.0000 59852.0000 -125387.0000 -461774.0000 207203.0000 -141228.0000 70450.0000 139643.0000 205647.0000 -452024.0000 274512.0000 21953.0000 328576.0000 -296108.0000 5588.0000 -211016.0000 -144065.0000 -433985.0000 -348046.0000 292741.0000 -367866.0000 447705.0000 196736.0000 -474155.0000 193063.0000 -392824.0000 -185237.0000 206241.0000 -371469.0000 134718.0000 -344894.0000 -372818.0000 -305430.0000 29719.0000 183909.0000 -79728.0000 -93010.0000 -245642.0000 -440085.0000 -387364.0000 -197666.0000 
-147074.0000 134590.0000 -369091.0000 56819.0000 158677.0000 -80107.0000 -68747.0000 224692.0000 -409654.0000 -276007.0000 356827.0000 -461950.0000 -60772.0000 -98829.0000 -250387.0000 46405.0000 215934.0000 455854.0000 -306565.0000 -149348.0000 129459.0000 339118.0000 -436279.0000 -340822.0000 23026.0000 -16007.0000 -415333.0000 277384.0000 -437593.0000 -302696.0000 98217.0000 -84666.0000 331894.0000 229126.0000 -9348.0000 -9430.0000 167518.0000 421905.0000 -284738.0000 257864.0000 164397.0000 90588.0000 -185586.0000 122124.0000 491759.0000 64027.0000 187028.0000 207692.0000 -461621.0000 380464.0000 
76843.0000 -313662.0000 -261920.0000 140564.0000 364016.0000 261106.0000 143057.0000 448683.0000 38489.0000 205464.0000 -354014.0000 155205.0000 139297.0000 -3621.0000 -115670.0000 -370052.0000 486950.0000 70347.0000 70352.0000 220711.0000 346710.0000 -265252.0000 329798.0000 -338877.0000 -124628.0000 321556.0000 -256351.0000 -437601.0000 -452254.0000 300529.0000 -38638.0000 124590.0000 486867.0000 199442.0000 283653.0000 -130619.0000 479047.0000 -73291.0000 -181937.0000 -463966.0000 150673.0000 -35950.0000 191239.0000 -210031.0000 460429.0000 94068.0000 438418.0000 -34123.0000 -335586.0000 8769.0000 
205087.0000 -488876.0000 -237983.0000 34884.0000 190747.0000 -344112.0000 374939.0000 -47104.0000 -281713.0000 422686.0000 271924.0000 -301851.0000 -434226.0000 -222711.0000 -83910.0000 349427.0000 146670.0000 -104863.0000 294636.0000 464733.0000 -68829.0000 -54692.0000 447282.0000 -377590.0000 -246224.0000 -73790.0000 216478.0000 -307807.0000 -89414.0000 -100608.0000 -280538.0000 -384327.0000 -89484.0000 499979.0000 -330944.0000 119762.0000 -344134.0000 -456005.0000 -427343.0000 -125847.0000 466681.0000 -136920.0000 -409199.0000 -467546.0000 140369.0000 6892.0000 -99620.0000 -212962.0000 -79472.0000 213515.0000 
270271.0000 351699.0000 177322.0000 217552.0000 -7392.0000 431099.0000 162261.0000 -290914.0000 141791.0000 -427153.0000 -373023.0000 -120248.0000 207020.0000 -444008.0000 -120270.0000 376076.0000 175754.0000 35596.0000 420071.0000 -233089.0000 -71751.0000 386751.0000 129991.0000 19050.0000 -62296.0000 -229640.0000 44441.0000 -143416.0000 57398.0000 464969.0000 -429902.0000 -172332.0000 316668.0000 -234080.0000 63720.0000 327775.0000 -302982.0000 -274020.0000 55360.0000 -142692.0000 317327.0000 182337.0000 237061.0000 24346.0000 238329.0000 135290.0000 -99578.0000 -85917.0000 -329114.0000 -179508.0000 
-300507.0000 99135.0000 225743.0000 329484.0000 136684.0000 181946.0000 -400157.0000 -318875.0000 57029.0000 -324259.0000 -353907.0000 127128.0000 -478092.0000 -18740.0000 393048.0000 85628.0000 -190965.0000 108565.0000 -169892.0000 364395.0000 -15628.0000 -352566.0000 46732.0000 239932.0000 171781.0000 -214940.0000 -124778.0000 90702.0000 -282358.0000 -435393.0000 411194.0000 -82865.0000 163742.0000 -344565.0000 -253381.0000 -199575.0000 -144119.0000 364962.0000 -499951.0000 412910.0000 59202.0000 -353857.0000 -441464.0000 81111.0000 -354098.0000 451584.0000 185238.0000 -45063.0000 -421353.0000 33845.0000 
337832.0000 -418481.0000 -300221.0000 -115437.0000 321451.0000 371560.0000 -311878.0000 215172.0000 480761.0000 424265.0000 279779.0000 -89547.0000 -158601.0000 -56480.0000 65889.0000 -393483.0000 -237555.0000 -59731.0000 -10021.0000 -237506.0000 -146822.0000 -450820.0000 427137.0000 -88285.0000 -351210.0000 -426961.0000 381798.0000 -147472.0000 -453525.0000 -21055.0000 -95128.0000 384307.0000 60464.0000 104651.0000 287369.0000 400414.0000 494710.0000 -6009.0000 115586.0000 475470.0000 -81745.0000 -104636.0000 -114077.0000 259654.0000 -142616.0000 -29689.0000 -115329.0000 -361672.0000 410580.0000 374650.0000 
419322.0000 -236243.0000 -57671.0000 346459.0000 -306029.0000 -390381.0000 -62003.0000 -424231.0000 -37853.0000 -15528.0000 -426787.0000 367019.0000 387279.0000 133677.0000 490170.0000 174647.0000 -447411.0000 484879.0000 -331363.0000 168175.0000 460349.0000 86892.0000 82039.0000 -153729.0000 365046.0000 439423.0000 316582.0000 -250284.0000 96250.0000 -254340.0000 142865.0000 15571.0000 9417.0000 -414807.0000 380529.0000 -278112.0000 -305188.0000 -181475.0000 316157.0000 -324542.0000 -178503.0000 389370.0000 60977.0000 -291225.0000 -458455.0000 51146.0000 -98079.0000 -405866.0000 -445477.0000 70559.0000 
262310.0000 -485129.0000 175950.0000 362848.0000 379642.0000 -440506.0000 -179231.0000 -285278.0000 327710.0000 417019.0000 -39618.0000 -29426.0000 -67411.0000 -11701.0000 -425733.0000 -186882.0000 210187.0000 287579.0000 -349858.0000 26343.0000 -18463.0000 -28361.0000 -84288.0000 -457487.0000 180414.0000 -42743.0000 -387842.0000 100835.0000 -430110.0000 -333319.0000 -328607.0000 -149301.0000 200053.0000 -134158.0000 -286454.0000 79694.0000 443837.0000 34315.0000 294417.0000 271546.0000 469833.0000 273298.0000 260620.0000 420922.0000 -238404.0000 -146614.0000 252539.0000 471783.0000 159464.0000 402681.0000 
-483376.0000 -359000.0000 392820.0000 -67664.0000 202013.0000 -408268.0000 -91908.0000 314171.0000 192567.0000 496483.0000 -648.0000 -117541.0000 -152819.0000 -300596.0000 248302.0000 60728.0000 -202403.0000 192138.0000 113542.0000 110513.0000 482183.0000 -398126.0000 -116189.0000 242802.0000 -477205.0000 -336094.0000 114687.0000 275334.0000 154189.0000 -225849.0000 -303487.0000 170813.0000 -84849.0000 -410668.0000 121649.0000 135664.0000 -318935.0000 48240.0000 468334.0000 373632.0000 44722.0000 -32315.0000 -243909.0000 391904.0000 -314412.0000 22892.0000 471131.0000 -16814.0000 233529.0000 -396829.0000 
-406302.0000 -265790.0000 -294955.0000 -22491.0000 -4488.0000 246340.0000 141416.0000 -389802.0000 -459828.0000 314104.0000 -115651.0000 -263314.0000 -15084.0000 -182000.0000 344518.0000 -393436.0000 453664.0000 44082.0000 -326696.0000 -59504.0000 -82286.0000 218026.0000 408182.0000 -307696.0000 -371572.0000 112269.0000 -266305.0000 -400442.0000 -404546.0000 -14277.0000 221230.0000 -310847.0000 219933.0000 426275.0000 -314839.0000 -284556.0000 -308886.0000 -154924.0000 -174357.0000 -268714.0000 -340821.0000 -271509.0000 486472.0000 -337405.0000 46491.0000 330990.0000 287659.0000 -481347.0000 -124929.0000 460963.0000 
477650.0000 -188716.0000 178989.0000 -95670.0000 -477913.0000 -174084.0000 -483402.0000 -244218.0000 443975.0000 -387947.0000 241505.0000 165204.0000 319706.0000 479938.0000 -390023.0000 23366.0000 -304619.0000 -198909.0000 368443.0000 -460477.0000 32378.0000 46121.0000 -231985.0000 18849.0000 208716.0000 -166995.0000 368338.0000 -3625.0000 370159.0000 -256591.0000 -42663.0000 347808.0000 -426808.0000 154825.0000 -247863.0000 -404720.0000 -759.0000 -231265.0000 -148938.0000 -56785.0000 399288.0000 111067.0000 -391582.0000 218993.0000 91004.0000 -281605.0000 260859.0000 -195116.0000 -462014.0000 129301.0000 
-155592.0000 -411137.0000 -324579.0000 112423.0000 -373789.0000 -97363.0000 445428.0000 494550.0000 399012.0000 315586.0000 256458.0000 374848.0000 -318108.0000 329650.0000 -451828.0000 -65971.0000 -56571.0000 47413.0000 -278736.0000 -187009.0000 9127.0000 -379449.0000 424058.0000 117545.0000 -141956.0000 -466440.0000 -145561.0000 -381098.0000 -161556.0000 410925.0000 -233298.0000 182852.0000 499788.0000 460623.0000 313774.0000 -374001.0000 381759.0000 259202.0000 -379452.0000 280770.0000 -406714.0000 -104495.0000 -325883.0000 293679.0000 243654.0000 240789.0000 -272293.0000 -312917.0000 306701.0000 467471.0000 
74.0000 -184173.0000 106522.0000 442631.0000 -48129.0000 464566.0000 476191.0000 306310.0000 101967.0000 333134.0000 217235.0000 -112832.0000 15986.0000 -264479.0000 366290.0000 -170241.0000 -138480.0000 248049.0000 107460.0000 -499433.0000 -452683.0000 -280754.0000 -103928.0000 -278566.0000 -487076.0000 158226.0000 -19278.0000 259131.0000 345309.0000 -212578.0000 226602.0000 -154618.0000 -378252.0000 -166877.0000 -211988.0000 73619.0000 316188.0000 282702.0000 -120071.0000 436654.0000 115835.0000 115663.0000 342321.0000 150320.0000 351184.0000 208610.0000 -1421.0000 231204.0000 -43342.0000 124538.0000 
-249730.0000 3976.0000 343784.0000 -335158.0000 -256091.0000 -124793.0000 323068.0000 224632.0000 152838.0000 168376.0000 30553.0000 -120561.0000 32257.0000 152302.0000 -268939.0000 -161232.0000 244420.0000 65748.0000 -378531.0000 -375652.0000 -479100.0000 -244197.0000 -241490.0000 363221.0000 406124.0000 128194.0000 71830.0000 -95298.0000 377897.0000 46988.0000 47739.0000 -371834.0000 -449037.0000 410023.0000 -206992.0000 313372.0000 -214771.0000 134575.0000 -443498.0000 438067.0000 321450.0000 87056.0000 336005.0000 -146294.0000 257857.0000 85565.0000 192474.0000 2276.0000 -348688.0000 -167558.0000 
-354876.0000 -327788.0000 88246.0000 422134.0000 53932.0000 -487132.0000 -431174.0000 -374238.0000 436070.0000 446723.0000 172750.0000 -16192.0000 93389.0000 -257788.0000 -106170.0000 -95104.0000 -444417.0000 -302441.0000 -460529.0000 -387914.0000 154125.0000 360921.0000 -282359.0000 -491371.0000 -285373.0000 -6003.0000 94194.0000 -74400.0000 14772.0000 -235994.0000 -223458.0000 159896.0000 454718.0000 364788.0000 -399471.0000 8650.0000 -103845.0000 -330645.0000 -347089.0000 -167776.0000 -383922.0000 -155840.0000 -165469.0000 209467.0000 86372.0000 228362.0000 -385638.0000 -339546.0000 -55580.0000 172333.0000 
291040.0000 -401456.0000 33254.0000 27180.0000 125673.0000 -233620.0000 39676.0000 -280133.0000 -289521.0000 -445552.0000 -497628.0000 -12979.0000 -267157.0000 457090.0000 -148192.0000 -166628.0000 -34261.0000 247963.0000 2728.0000 -362851.0000 98686.0000 -362695.0000 -18691.0000 433218.0000 -134729.0000 86180.0000 -319922.0000 498133.0000 -234866.0000 124498.0000 170466.0000 -443827.0000 -258459.0000 222219.0000 -398147.0000 367215.0000 488599.0000 141529.0000 105581.0000 -300923.0000 -285524.0000 107953.0000 -295402.0000 -52680.0000 65042.0000 56406.0000 -200809.0000 49281.0000 322869.0000 -179582.0000 
186430.0000 440054.0000 -42277.0000 -332261.0000 373271.0000 -158507.0000 253919.0000 71848.0000 -160374.0000 -480948.0000 214845.0000 28591.0000 93726.0000 456387.0000 269309.0000 -285922.0000 -157900.0000 -223594.0000 -125894.0000 447681.0000 -24517.0000 88583.0000 55633.0000 -301420.0000 54402.0000 139174.0000 254987.0000 353593.0000 -311546.0000 -403646.0000 -325989.0000 374885.0000 54907.0000 -349767.0000 -457377.0000 446678.0000 -8273.0000 -184959.0000 18525.0000 -150148.0000 352594.0000 -266630.0000 -103058.0000 464819.0000 208256.0000 -333750.0000 197396.0000 -449645.0000 -57344.0000 -428499.0000 
498036.0000 -63362.0000 -321417.0000 -427833.0000 135219.0000 232985.0000 211341.0000 408705.0000 86578.0000 399796.0000 23558.0000 260589.0000 -206821.0000 -421536.0000 410822.0000 354302.0000 -474859.0000 421048.0000 -330658.0000 -437834.0000 -229101.0000 40435.0000 -204464.0000 -313660.0000 -476248.0000 -496209.0000 -147410.0000 221148.0000 72646.0000 295246.0000 292650.0000 70681.0000 -268116.0000 471233.0000 -338653.0000 -114398.0000 204218.0000 372688.0000 -205694.0000 309295.0000 272483.0000 317864.0000 -411618.0000 -434339.0000 396328.0000 17703.0000 -61538.0000 -60031.0000 -61249.0000 107805.0000 
2135.0000 -271851.0000 166739.0000 297671.0000 -85510.0000 190492.0000 -180039.0000 267080.0000 -88361.0000 392607.0000 -419175.0000 222788.0000 481787.0000 331209.0000 194021.0000 -356867.0000 -283190.0000 416738.0000 34320.0000 11116.0000 -255469.0000 325303.0000 347479.0000 -167087.0000 -90537.0000 -237695.0000 350616.0000 347926.0000 202274.0000 307866.0000 -44270.0000 -295592.0000 -463985.0000 140968.0000 20578.0000 469005.0000 -168541.0000 -140962.0000 236084.0000 243099.0000 270144.0000 -164592.0000 484386.0000 251930.0000 -333384.0000 178406.0000 -86438.0000 -116574.0000 -386358.0000 447883.0000 
-86959.0000 -141827.0000 273185.0000 -239481.0000 191086.0000 201147.0000 22825.0000 -439799.0000 49072.0000 -274902.0000 368067.0000 23301.0000 448007.0000 404082.0000 -335731.0000 487084.0000 373086.0000 -4272.0000 -153878.0000 -372331.0000 257326.0000 -383735.0000 -36923.0000 241712.0000 -113305.0000 -351807.0000 438617.0000 300257.0000 31619.0000 70759.0000 -233362.0000 -36840.0000 428932.0000 58322.0000 223679.0000 -361483.0000 -240531.0000 265003.0000 -301282.0000 308541.0000 8601.0000 -433216.0000 -168158.0000 -43393.0000 -10634.0000 -3889.0000 -56310.0000 380951.0000 10338.0000 -191689.0000 
27119.0000 286164.0000 -75423.0000 8696.0000 -453626.0000 311272.0000 156889.0000 484991.0000 -369973.0000 207007.0000 55749.0000 415166.0000 -329834.0000 -496820.0000 -26513.0000 -87655.0000 -358303.0000 -248545.0000 -322653.0000 358915.0000 -440004.0000 185948.0000 -55802.0000 410338.0000 161054.0000 433564.0000 424948.0000 123244.0000 -166986.0000 -64715.0000 431555.0000 360133.0000 239948.0000 374631.0000 387328.0000 286322.0000 -295599.0000 44216.0000 271313.0000 -165571.0000 -248777.0000 345561.0000 268094.0000 439889.0000 348741.0000 -258420.0000 -147767.0000 8937.0000 -488465.0000 -451920.0000 
