100 50
-166215.0000 264981.0000 186598.0000 374315.0000 482314.0000 -344408.0000 319362.0000 59135.0000 107484.0000 258247.0000 -197785.0000 -450456.0000 190567.0000 84944.0000 -167002.0000 214229.0000 -486039.0000 -3349.0000 -199442.0000 -267861.0000 -255279.0000 402378.0000 366749.0000 -24081.0000 58914.0000 249481.0000 -108616.0000 -181052.0000 -377925.0000 -77033.0000 -393372.0000 -44140.0000 -312053.0000 293227.0000 -169826.0000 188761.0000 -32682.0000 168035.0000 -252105.0000 -425199.0000 444782.0000 -431391.0000 142845.0000 135348.0000 153553.0000 475843.0000 -150423.0000 167514.0000 490993.0000 -331366.0000 
399653.0000 254214.0000 89511.0000 -215099.0000 -269868.0000 -351576.0000 52881.0000 -359984.0000 485872.0000 174956.0000 62983.0000 -407500.0000 149315.0000 -230570.0000 -95774.0000 -2012.0000 458191.0000 371544.0000 184523.0000 -293915.0000 -35156.0000 129304.0000 293195.0000 -392312.0000 -235349.0000 -53253.0000 102030.0000 -367273.0000 132761.0000 -388479.0000 319862.0000 -449088.0000 365735.0000 -90628.0000 -164187.0000 114367.0000 -423704.0000 -92807.0000 -227118.0000 -437833.0000 100648.0000 335865.0000 173167.0000 -250038.0000 123794.0000 -422608.0000 -233550.0000 -399517.0000 -32565.0000 450973.0000 
325069.0000 432279.0000 80276.0000 118263.0000 58466.0000 -136574.0000 -434991.0000 -339505.0000 -485347.0000 -283731.0000 -227983.0000 -146986.0000 -232818.0000 156251.0000 -219115.0000 -378506.0000 289117.0000 -142819.0000 28688.0000 -438002.0000 437849.0000 147835.0000 -83637.0000 111015.0000 -83703.0000 -459844.0000 -293093.0000 182747.0000 -359360.0000 -307159.0000 -347782.0000 -15792.0000 -374880.0000 -249007.0000 -397530.0000 183586.0000 114419.0000 185979.0000 -137419.0000 -352429.0000 402249.0000 134598.0000 585.0000 -330570.0000 309348.0000 -200030.0000 -209076.0000 98465.0000 -324350.0000 -161889.0000 
-321038.0000 -386502.0000 485947.0000 95325.0000 -256987.0000 420743.0000 -346019.0000 468420.0000 103489.0000 313121.0000 -338740.0000 255707.0000 -202672.0000 304880.0000 -493301.0000 -100202.0000 -493035.0000 -360383.0000 104276.0000 -130454.0000 305689.0000 6524.0000 22643.0000 324773.0000 -305547.0000 -168010.0000 -375258.0000 -496123.0000 -51046.0000 -199607.0000 360488.0000 127917.0000 432391.0000 -135067.0000 241741.0000 193903.0000 -214325.0000 395722.0000 162322.0000 389164.0000 208842.0000 -157918.0000 -336631.0000 24669.0000 -353039.0000 188568.0000 -57034.0000 172426.0000 328186.0000 -452758.0000 
-458029.0000 133874.0000 53766.0000 -416887.0000 -41354.0000 -233281.0000 433604.0000 -398112.0000 -229404.0000 -117443.0000 -97719.0000 -368917.0000 28973.0000 353171.0000 -3983.0000 -229286.0000 47074.0000 281692.0000 184935.0000 227895.0000 -310645.0000 412277.0000 -430024.0000 371224.0000 -63055.0000 235438.0000 59792.0000 379912.0000 -92137.0000 -112023.0000 -54347.0000 468335.0000 40350.0000 499419.0000 -448553.0000 17495.0000 284637.0000 485051.0000 119383.0000 -444768.0000 386108.0000 40163.0000 204816.0000 -84920.0000 -106666.0000 219332.0000 -295707.0000 -41093.0000 1023.0000 -92272.0000 
-313199.0000 -291123.0000 -179996.0000 -243222.0000 -419899.0000 -224552.0000 10715.0000 139893.0000 -344641.0000 418578.0000 46369.0000 101012.0000 -94589.0000 105218.0000 -381070.0000 -43141.0000 -377288.0000 403567.0000 460409.0000 -239405.0000 -22701.0000 -134985.0000 -180743.0000 -317886.0000 -201405.0000 -268910.0000 401446.0000 2888.0000 189997.0000 420968.0000 410616.0000 376799.0000 148345.0000 249119.0000 152076.0000 228446.0000 -475433.0000 -337210.0000 386838.0000 198426.0000 99867.0000 451706.0000 -200562.0000 -494722.0000 56923.0000 436868.0000 480637.0000 179635.0000 -141067.0000 441045.0000 
-41271.0000 336232.0000 -193940.0000 -203514.0000 36845.0000 104655.0000 27576.0000 -61710.0000 126042.0000 -282427.0000 377758.0000 -444843.0000 112871.0000 26102.0000 304276.0000 283446.0000 -245453.0000 328843.0000 -35265.0000 159884.0000 27269.0000 -435399.0000 111589.0000 -154794.0000 -430121.0000 -331489.0000 300573.0000 -449485.0000 -133355.0000 -340495.0000 10060.0000 -156126.0000 14237.0000 -165381.0000 140360.0000 -448919.0000 -42227.0000 -332065.0000 -492129.0000 -416186.0000 404008.0000 385629.0000 157471.0000 -464623.0000 -88270.0000 -38253.0000 -162678.0000 -315224.0000 309089.0000 302057.0000 
-136841.0000 354857.0000 366659.0000 474748.0000 218562.0000 -44963.0000 161758.0000 -462367.0000 -475948.0000 46902.0000 -302861.0000 -447389.0000 390776.0000 -270125.0000 -112770.0000 -450366.0000 -219044.0000 345003.0000 236070.0000 -211173.0000 -52684.0000 140077.0000 192955.0000 -395213.0000 -306046.0000 123184.0000 -414967.0000 -450225.0000 307960.0000 -87379.0000 351833.0000 -328882.0000 285978.0000 -263010.0000 164365.0000 4539.0000 -289474.0000 344622.0000 -439328.0000 -265422.0000 -108476.0000 -242189.0000 -212811.0000 300799.0000 -493815.0000 -307082.0000 350434.0000 -212859.0000 -462080.0000 -394998.0000 
-405532.0000 -496264.0000 -236422.0000 -194078.0000 -391477.0000 -42468.0000 429107.0000 212056.0000 7308.0000 237066.0000 143176.0000 377640.0000 -73316.0000 -70847.0000 -385371.0000 109548.0000 -47808.0000 -174845.0000 -45830.0000 12864.0000 -421767.0000 -135807.0000 -210826.0000 383922.0000 183491.0000 -204641.0000 -423160.0000 33924.0000 82500.0000 133260.0000 138926.0000 -304533.0000 -344505.0000 402505.0000 1390.0000 282518.0000 378536.0000 448996.0000 -5427.0000 404343.0000 -295440.0000 -362251.0000 281982.0000 131244.0000 -414599.0000 -84890.0000 259292.0000 37593.0000 -241235.0000 231961.0000 
-449544.0000 -163002.0000 -403847.0000 358130.0000 239419.0000 279644.0000 -346512.0000 -165242.0000 332068.0000 -245512.0000 -13482.0000 489493.0000 -50045.0000 142013.0000 -89504.0000 -30156.0000 -75469.0000 307532.0000 -81161.0000 -62397.0000 211874.0000 -358101.0000 75352.0000 -487645.0000 273143.0000 -320747.0000 445965.0000 -449067.0000 216846.0000 -295271.0000 282894.0000 -214198.0000 -439774.0000 -102454.0000 -356069.0000 299646.0000 195690.0000 -202580.0000 152903.0000 -453744.0000 -429593.0000 -360580.0000 54248.0000 -461139.0000 281434.0000 -16756.0000 8706.0000 224464.0000 -209225.0000 -53956.0000 
-337934.0000 21148.0000 87943.0000 -244082.0000 -447998.0000 379586.0000 -64829.0000 497968.0000 -50982.0000 170516.0000 -297304.0000 250412.0000 456318.0000 281423.0000 166457.0000 118749.0000 81068.0000 380646.0000 416169.0000 252470.0000 426902.0000 486576.0000 391891.0000 499650.0000 43936.0000 -308177.0000 -17107.0000 71141.0000 416287.0000 -207833.0000 -482815.0000 96852.0000 -168186.0000 -376373.0000 352770.0000 -116183.0000 21712.0000 306440.0000 400284.0000 -10770.0000 -23044.0000 121479.0000 -260359.0000 -66727.0000 -97099.0000 406098.0000 -447979.0000 2468.0000 286744.0000 -13311.0000 
-245062.0000 -267856.0000 491764.0000 -353172.0000 -268207.0000 35700.0000 357151.0000 -266815.0000 -393160.0000 -208064.0000 25352.0000 142525.0000 388788.0000 357167.0000 -215348.0000 -239943.0000 259483.0000 -175137.0000 -433504.0000 159766.0000 314093.0000 43452.0000 -218756.0000 -446267.0000 476726.0000 -297355.0000 -21669.0000 47246.0000 205113.0000 283574.0000 52435.0000 460051.0000 -484283.0000 44198.0000 125378.0000 266011.0000 98397.0000 -498973.0000 17695.0000 -276263.0000 -207037.0000 -456953.0000 366262.0000 -318249.0000 -81287.0000 169413.0000 -58192.0000 196695.0000 494277.0000 8304.0000 
374960.0000 308369.0000 70256.0000 174703.0000 -119398.0000 -434520.0000 377348.0000 358933.0000 112726.0000 82461.0000 142506.0000 -334840.0000 -438990.0000 -323278.0000 -272142.0000 186389.0000 -38768.0000 -155246.0000 187416.0000 478928.0000 68491.0000 -1121.0000 40474.0000 453253.0000 -300871.0000 -22314.0000 122665.0000 140937.0000 -325620.0000 116941.0000 167740.0000 67839.0000 -74690.0000 -262005.0000 -257459.0000 305912.0000 -196525.0000 -380111.0000 -316657.0000 -65299.0000 -279151.0000 -155652.0000 -381640.0000 -218141.0000 21070.0000 364718.0000 -13253.0000 802.0000 -290528.0000 192663.0000 
-20271.0000 277963.0000 210041.0000 38702.0000 231215.0000 409170.0000 -483613.0000 -146120.0000 50106.0000 209267.0000 -10680.0000 236345.0000 -222895.0000 414630.0000 -7160.0000 19646.0000 -260960.0000 -185186.0000 -341966.0000 -77617.0000 -231986.0000 -121117.0000 266731.0000 -113625.0000 -320758.0000 306301.0000 -248908.0000 -315512.0000 -192898.0000 -39436.0000 -104350.0000 -194670.0000 257027.0000 -394310.0000 344032.0000 -493260.0000 33359.0000 360419.0000 379120.0000 101964.0000 69685.0000 -131560.0000 -161691.0000 346790.0000 301569.0000 -150352.0000 384935.0000 -459391.0000 164462.0000 -457031.0000 
481492.0000 -49024.0000 440352.0000 248223.0000 337351.0000 138093.0000 -426978.0000 106942.0000 -158919.0000 -119876.0000 86006.0000 -244770.0000 185454.0000 -156968.0000 379421.0000 -452016.0000 368272.0000 -87221.0000 -73098.0000 247392.0000 -485257.0000 15086.0000 -384169.0000 371552.0000 380375.0000 417400.0000 -278801.0000 265309.0000 -23492.0000 -95840.0000 -173223.0000 -42000.0000 355136.0000 285629.0000 224722.0000 192486.0000 442221.0000 297744.0000 317928.0000 -216699.0000 196367.0000 -96067.0000 38532.0000 400320.0000 -234536.0000 436452.0000 448304.0000 -366265.0000 -150770.0000 -124795.0000 
381127.0000 -136027.0000 390291.0000 15457.0000 -264476.0000 270665.0000 451357.0000 475223.0000 -445528.0000 -72136.0000 -120617.0000 -118750.0000 -95637.0000 -265482.0000 185378.0000 -370916.0000 -54496.0000 127598.0000 -54673.0000 281931.0000 410900.0000 -358307.0000 -314137.0000 467931.0000 -457988.0000 -48673.0000 404382.0000 8815.0000 -396439.0000 272111.0000 -97481.0000 3188.0000 -363916.0000 -207191.0000 -481356.0000 390108.0000 81973.0000 470001.0000 365331.0000 -345055.0000 416365.0000 263213.0000 36195.0000 339227.0000 16230.0000 240072.0000 -13189.0000 -19767.0000 -132331.0000 432138.0000 
-237837.0000 -221432.0000 92331.0000 466526.0000 264998.0000 -347158.0000 -82148.0000 -312122.0000 161658.0000 -460087.0000 459990.0000 -435824.0000 43101.0000 114573.0000 375486.0000 61745.0000 4680.0000 475958.0000 -449755.0000 388510.0000 -369098.0000 -14891.0000 151722.0000 -314404.0000 -175665.0000 186452.0000 425668.0000 311146.0000 -333316.0000 311837.0000 -238217.0000 -71152.0000 -409596.0000 354114.0000 -104627.0000 -126098.0000 -493045.0000 -168275.0000 61780.0000 -312888.0000 -128362.0000 21769.0000 269789.0000 -66762.0000 -363659.0000 -336227.0000 494983.0000 -340479.0000 158230.0000 63727.0000 
-451970.0000 289133.0000 67335.0000 -281748.0000 -6772.0000 391671.0000 404704.0000 437396.0000 -278685.0000 89887.0000 249232.0000 -16902.0000 -481266.0000 -141865.0000 355711.0000 432608.0000 -249464.0000 -118834.0000 282832.0000 312317.0000 68278.0000 172969.0000 352585.0000 356566.0000 -393794.0000 7426.0000 -479662.0000 119688.0000 166947.0000 178569.0000 -316585.0000 -266524.0000 486201.0000 250750.0000 -48272.0000 497928.0000 -339081.0000 374931.0000 435323.0000 -117765.0000 -35182.0000 -296947.0000 -116168.0000 -497949.0000 -420312.0000 -260457.0000 -46842.0000 -169776.0000 120709.0000 -264011.0000 
161040.0000 207486.0000 408958.0000 13625.0000 64052.0000 -484837.0000 -478950.0000 84390.0000 -346649.0000 -293504.0000 281458.0000 355266.0000 -60028.0000 267658.0000 -375486.0000 -89800.0000 265586.0000 -214566.0000 -214870.0000 -280593.0000 -313832.0000 -231553.0000 440961.0000 -411501.0000 288999.0000 -479352.0000 346542.0000 -257844.0000 369372.0000 -32750.0000 -21854.0000 30412.0000 193236.0000 405603.0000 62536.0000 275787.0000 -60734.0000 -397915.0000 378676.0000 92617.0000 -191419.0000 160134.0000 -52118.0000 248553.0000 446291.0000 72396.0000 177252.0000 211876.0000 -123671.0000 -19118.0000 
-50217.0000 -419004.0000 249329.0000 -109257.0000 -330504.0000 -443174.0000 429891.0000 -483963.0000 -201017.0000 299262.0000 -498213.0000 -204372.0000 348173.0000 195023.0000 -298770.0000 -89292.0000 -29191.0000 140496.0000 12793.0000 -150516.0000 251612.0000 321374.0000 28117.0000 -300507.0000 -411574.0000 -25592.0000 -209611.0000 -215823.0000 204783.0000 166718.0000 265059.0000 -345435.0000 247715.0000 -467113.0000 45308.0000 -64290.0000 -410287.0000 -24802.0000 -48253.0000 -111304.0000 -225540.0000 -46466.0000 -297177.0000 -377368.0000 167056.0000 -95946.0000 -448160.0000 -362136.0000 63049.0000 64633.0000 
-494152.0000 -185339.0000 404507.0000 -447536.0000 -467347.0000 11432.0000 26872.0000 341542.0000 295609.0000 -268345.0000 8260.0000 -420833.0000 -113780.0000 274474.0000 -387946.0000 -49972.0000 -289817.0000 220267.0000 425226.0000 -319571.0000 127463.0000 218185.0000 133964.0000 330286.0000 -140683.0000 -198981.0000 252839.0000 429657.0000 457384.0000 -184112.0000 -487212.0000 -18269.0000 -350952.0000 -64206.0000 34195.0000 200201.0000 447226.0000 -438933.0000 41743.0000 -238666.0000 311222.0000 68502.0000 359001.0000 215941.0000 361475.0000 471055.0000 -334032.0000 90157.0000 191321.0000 109694.0000 
270586.0000 337283.0000 346378.0000 -95451.0000 167569.0000 224194.0000 -275932.0000 -79593.0000 153850.0000 -318549.0000 -245206.0000 166639.0000 163182.0000 422342.0000 120932.0000 215876.0000 122543.0000 68158.0000 -204558.0000 182785.0000 -152009.0000 -393337.0000 -248714.0000 -293009.0000 322605.0000 131260.0000 196545.0000 7072.0000 -278584.0000 406365.0000 135265.0000 492002.0000 243648.0000 -18357.0000 415051.0000 429716.0000 -294164.0000 -360882.0000 368622.0000 -121814.0000 -179431.0000 -376584.0000 63324.0000 2250.0000 64257.0000 -315745.0000 236625.0000 205299.0000 -229088.0000 -467933.0000 
-111917.0000 -362598.0000 157230.0000 -342132.0000 -155607.0000 498334.0000 289128.0000 59437.0000 5406.0000 29043.0000 -34198.0000 -359330.0000 21045.0000 227949.0000 -359188.0000 -63905.0000 157664.0000 365149.0000 75213.0000 26285.0000 -256666.0000 -85719.0000 -331800.0000 -174843.0000 -64970.0000 232458.0000 -472089.0000 -328346.0000 456256.0000 -201176.0000 222221.0000 -155661.0000 -63774.0000 -120549.0000 -479294.0000 -200881.0000 -122216.0000 -171666.0000 358556.0000 -98311.0000 357377.0000 342857.0000 42360.0000 -121579.0000 70805.0000 -298329.0000 -166985.0000 246968.0000 -433181.0000 -73273.0000 
291753.0000 328653.0000 341008.0000 459953.0000 -346191.0000 294537.0000 -289091.0000 -318279.0000 -15309.0000 185665.0000 499045.0000 -293089.0000 48503.0000 453770.0000 -395139.0000 69209.0000 -247112.0000 -17354.0000 397543.0000 129944.0000 384335.0000 -226581.0000 491300.0000 445194.0000 -329661.0000 -419396.0000 -353135.0000 3355.0000 327572.0000 -286316.0000 430082.0000 -362177.0000 60837.0000 -210411.0000 116276.0000 -266855.0000 -415875.0000 -154316.0000 433366.0000 -412685.0000 -468652.0000 432410.0000 312727.0000 79851.0000 386180.0000 417588.0000 -350940.0000 157567.0000 -99767.0000 65102.0000 
306010.0000 303068.0000 -142980.0000 297310.0000 248261.0000 27360.0000 377914.0000 -86375.0000 -469286.0000 -276016.0000 -354191.0000 -20705.0000 380308.0000 206646.0000 268884.0000 -3417.0000 439791.0000 -128491.0000 342267.0000 373157.0000 -41176.0000 373616.0000 -175935.0000 -228450.0000 471966.0000 228744.0000 207638.0000 -378975.0000 404811.0000 126370.0000 -295373.0000 210820.0000 -70563.0000 61647.0000 -473372.0000 196198.0000 107506.0000 -76959.0000 128322.0000 138220.0000 147026.0000 274131.0000 -382485.0000 27333.0000 -19224.0000 -95102.0000 42415.0000 439067.0000 276407.0000 -115319.0000 
-169278.0000 253731.0000 276796.0000 154787.0000 43780.0000 248762.0000 402031.0000 -248583.0000 -111714.0000 306841.0000 377788.0000 92913.0000 -463841.0000 325724.0000 173060.0000 -437212.0000 -459580.0000 -219435.0000 -14171.0000 168743.0000 -62715.0000 151354.0000 -57127.0000 -426701.0000 -321314.0000 -57851.0000 -21803.0000 221101.0000 399715.0000 273104.0000 124282.0000 -269564.0000 26834.0000 -98923.0000 -96278.0000 89113.0000 -350162.0000 324252.0000 340531.0000 38125.0000 131092.0000 -263183.0000 149537.0000 167252.0000 81040.0000 341096.0000 230040.0000 121461.0000 140161.0000 -284132.0000 
308703.0000 -422555.0000 367223.0000 270075.0000 -349256.0000 64408.0000 230723.0000 -352560.0000 304009.0000 130437.0000 420544.0000 -71710.0000 -120628.0000 465877.0000 -152134.0000 -198406.0000 54990.0000 -2295.0000 -374155.0000 414020.0000 54329.0000 256938.0000 169336.0000 222365.0000 442689.0000 268875.0000 63461.0000 172728.0000 -109665.0000 -296379.0000 -92905.0000 217537.0000 -218934.0000 292817.0000 -12388.0000 450310.0000 375725.0000 -281666.0000 116249.0000 -301768.0000 -132729.0000 36793.0000 -354979.0000 246643.0000 -478832.0000 -7113.0000 -451764.0000 -405343.0000 9091.0000 192582.0000 
27176.0000 -436581.0000 -50481.0000 -303489.0000 285785.0000 410707.0000 -16114.0000 367745.0000 -398067.0000 374221.0000 -428635.0000 -472473.0000 -389743.0000 370931.0000 -161156.0000 97869.0000 -160261.0000 -285432.0000 -165298.0000 455988.0000 -87200.0000 201973.0000 -488721.0000 -423680.0000 467116.0000 50948.0000 69207.0000 33851.0000 145605.0000 -421702.0000 -273568.0000 -327219.0000 160217.0000 -305550.0000 387792.0000 464501.0000 -394844.0000 -128323.0000 332245.0000 225589.0000 264398.0000 403610.0000 253117.0000 -106846.0000 -206961.0000 -408040.0000 491023.0000 132778.0000 -193472.0000 344224.0000 
-392735.0000 -262173.0000 -435304.0000 137044.0000 -185853.0000 -468189.0000 -312009.0000 -98147.0000 -415839.0000 333597.0000 -19849.0000 329094.0000 24877.0000 158868.0000 -476457.0000 431168.0000 123368.0000 147200.0000 321345.0000 -44387.0000 -127212.0000 -395759.0000 377722.0000 144404.0000 -2605.0000 189261.0000 236364.0000 -493084.0000 340538.0000 61391.0000 351140.0000 447803.0000 -182283.0000 415836.0000 84847.0000 -349637.0000 -33854.0000 272838.0000 52217.0000 50308.0000 -375067.0000 50867.0000 397901.0000 -331691.0000 -290266.0000 421444.0000 -400523.0000 -148398.0000 -412858.0000 -60679.0000 
307215.0000 478431.0000 43562.0000 -296565.0000 -358667.0000 59456.0000 -88805.0000 377698.0000 66372.0000 -248267.0000 457588.0000 -82489.0000 -300465.0000 -224695.0000 351847.0000 -197119.0000 -74332.0000 -182008.0000 94219.0000 477885.0000 -113201.0000 -262349.0000 28752.0000 -215301.0000 -94039.0000 -243015.0000 224643.0000 -476063.0000 108587.0000 -169716.0000 -36742.0000 434301.0000 327214.0000 25319.0000 156236.0000 468548.0000 -415226.0000 -432570.0000 -135256.0000 -330355.0000 -180837.0000 -177669.0000 87156.0000 -462802.0000 97636.0000 457502.0000 -159921.0000 -476696.0000 293994.0000 -47203.0000 
19688.0000 199292.0000 190449.0000 -451561.0000 483992.0000 114909.0000 323925.0000 -272867.0000 138846.0000 -67489.0000 -424084.0000 120603.0000 385312.0000 403131.0000 164421.0000 41547.0000 -109823.0000 249195.0000 108977.0000 254921.0000 418840.0000 428141.0000 -422749.0000 -475506.0000 465339.0000 174888.0000 496.0000 323917.0000 -283309.0000 -205511.0000 -223286.0000 236379.0000 493781.0000 -14338.0000 -196682.0000 -3729.0000 -399430.0000 -372758.0000 -258097.0000 -242085.0000 -421748.0000 -182180.0000 378518.0000 463564.0000 239450.0000 42938.0000 5110.0000 -370374.0000 310632.0000 -385913.0000 
-96954.0000 -252030.0000 -457773.0000 -19703.0000 290964.0000 26065.0000 -344816.0000 -208541.0000 368481.0000 390375.0000 -395553.0000 163694.0000 126754.0000 -401772.0000 -350645.0000 430072.0000 -387002.0000 268425.0000 -442687.0000 373402.0000 -473661.0000 -364435.0000 209721.0000 404857.0000 -400871.0000 467670.0000 466294.0000 104239.0000 115795.0000 276925.0000 -263175.0000 -481160.0000 -475106.0000 297552.0000 -863.0000 315859.0000 -176384.0000 -327179.0000 -392683.0000 210597.0000 -436805.0000 -288235.0000 -125710.0000 189949.0000 328493.0000 -457855.0000 -361481.0000 -40010.0000 310570.0000 -304168.0000 
351891.0000 336910.0000 349898.0000 61611.0000 241766.0000 -32474.0000 29280.0000 208060.0000 90264.0000 -354926.0000 -496517.0000 327090.0000 -336086.0000 -471622.0000 124641.0000 -318449.0000 344237.0000 -33243.0000 372872.0000 -29947.0000 -322647.0000 436067.0000 -299683.0000 -429858.0000 -355485.0000 47309.0000 -387713.0000 -216966.0000 25799.0000 422858.0000 -21133.0000 -122311.0000 259767.0000 347264.0000 -42200.0000 -479969.0000 -185211.0000 487080.0000 -253410.0000 405053.0000 150654.0000 -249926.0000 232142.0000 -166933.0000 296952.0000 375283.0000 -466883.0000 -340313.0000 360539.0000 405989.0000 
129740.0000 -462109.0000 342056.0000 -151443.0000 -391967.0000 486571.0000 -85635.0000 -279679.0000 288104.0000 440164.0000 161678.0000 285470.0000 -182147.0000 -78556.0000 132733.0000 275653.0000 459975.0000 -33979.0000 -218769.0000 225065.0000 -128926.0000 -49616.0000 475139.0000 121715.0000 -198049.0000 272090.0000 -484504.0000 -164932.0000 -49724.0000 376035.0000 -258943.0000 98515.0000 413926.0000 101612.0000 447072.0000 40459.0000 -393319.0000 -138563.0000 -220721.0000 394785.0000 320100.0000 -40544.0000 -301246.0000 156452.0000 -100601.0000 331487.0000 450604.0000 -140627.0000 -202492.0000 250335.0000 
-415563.0000 -312919.0000 -299282.0000 78075.0000 -172705.0000 -478832.0000 368664.0000 -157208.0000 -143763.0000 -181061.0000 -281174.0000 -384207.0000 417455.0000 151252.0000 -264096.0000 -116975.0000 210210.0000 361085.0000 -237039.0000 7988.0000 -225632.0000 -416939.0000 467444.0000 -26878.0000 239513.0000 -133158.0000 323109.0000 -291384.0000 -255286.0000 139116.0000 458951.0000 347652.0000 326197.0000 178168.0000 -74274.0000 171991.0000 199337.0000 -205610.0000 -485218.0000 74073.0000 -368172.0000 252109.0000 189866.0000 -450718.0000 421860.0000 -55731.0000 450808.0000 132069.0000 -194647.0000 -286232.0000 
158556.0000 79721.0000 315329.0000 125999.0000 71343.0000 -426659.0000 11340.0000 -105549.0000 -218043.0000 256054.0000 -466434.0000 -259093.0000 103705.0000 -121738.0000 419075.0000 47931.0000 -449748.0000 118411.0000 -139180.0000 -434965.0000 210983.0000 -7352.0000 -164357.0000 -99152.0000 -439570.0000 -242498.0000 -136384.0000 -488763.0000 -91930.0000 -312532.0000 -274995.0000 -433375.0000 267190.0000 58834.0000 -288877.0000 357032.0000 132175.0000 222463.0000 -248518.0000 414132.0000 497016.0000 303548.0000 -344962.0000 100721.0000 -318191.0000 92612.0000 167151.0000 -267939.0000 229523.0000 -472030.0000 
315596.0000 -59495.0000 20618.0000 169738.0000 -140147.0000 81048.0000 427240.0000 223469.0000 -389216.0000 -164691.0000 410938.0000 -164210.0000 420434.0000 -303374.0000 -86877.0000 -368444.0000 -446343.0000 -454703.0000 354019.0000 323639.0000 459429.0000 351035.0000 127186.0000 132966.0000 470255.0000 -172506.0000 -274423.0000 137405.0000 -421946.0000 455100.0000 165375.0000 -87850.0000 414105.0000 -314008.0000 -418113.0000 -226043.0000 -214460.0000 -490873.0000 497426.0000 -103676.0000 362936.0000 -73138.0000 -249387.0000 283370.0000 -358013.0000 163736.0000 414926.0000 214144.0000 209033.0000 -212556.0000 
37782.0000 -313040.0000 156978.0000 183467.0000 319926.0000 -354269.0000 29460.0000 64003.0000 283136.0000 107515.0000 -462399.0000 467010.0000 -480336.0000 451706.0000 171501.0000 -398449.0000 -274338.0000 457041.0000 129178.0000 241588.0000 371865.0000 -489387.0000 186949.0000 -377523.0000 -187518.0000 328937.0000 -195287.0000 245907.0000 43080.0000 32245.0000 -466650.0000 99362.0000 219206.0000 -291173.0000 -217172.0000 -442370.0000 -145442.0000 312289.0000 121633.0000 -362307.0000 438303.0000 -322266.0000 123202.0000 457967.0000 -370561.0000 -205297.0000 78017.0000 373602.0000 270243.0000 225695.0000 
-366312.0000 142107.0000 -245193.0000 320637.0000 264585.0000 67289.0000 149573.0000 87797.0000 -186805.0000 211153.0000 -379959.0000 365046.0000 -189486.0000 339247.0000 -426128.0000 -388159.0000 -84623.0000 -71569.0000 -57371.0000 55509.0000 -415377.0000 -119069.0000 233243.0000 -273675.0000 357397.0000 -118818.0000 21028.0000 453914.0000 -245217.0000 -208730.0000 -301893.0000 406971.0000 433378.0000 -47086.0000 227607.0000 -283539.0000 -479798.0000 395680.0000 304258.0000 351897.0000 -374669.0000 -57202.0000 216942.0000 -64155.0000 -217955.0000 -190686.0000 -433815.0000 -284079.0000 -243756.0000 8815.0000 
271430.0000 359367.0000 -91755.0000 4673.0000 -414309.0000 -234358.0000 385855.0000 106719.0000 238055.0000 159137.0000 -83511.0000 436162.0000 66107.0000 -150134.0000 407575.0000 312213.0000 -415174.0000 -53724.0000 -273609.0000 -92417.0000 -201828.0000 -148278.0000 350381.0000 33614.0000 -193934.0000 150925.0000 -138573.0000 -127748.0000 366846.0000 117671.0000 381067.0000 -343225.0000 -22963.0000 307811.0000 161448.0000 62729.0000 91952.0000 -434199.0000 187947.0000 -169994.0000 -256563.0000 -395565.0000 284667.0000 309544.0000 472801.0000 192241.0000 -359745.0000 -442374.0000 157016.0000 385147.0000 
483709.0000 -26312.0000 -263132.0000 -147411.0000 -492699.0000 42935.0000 -496487.0000 -131272.0000 -66314.0000 -111141.0000 4898.0000 333252.0000 45634.0000 481935.0000 141062.0000 225581.0000 -436838.0000 -266986.0000 291382.0000 251110.0000 -418481.0000 -465182.0000 355545.0000 366187.0000 -137139.0000 328346.0000 -423074.0000 -478385.0000 -95529.0000 233943.0000 406762.0000 -111820.0000 -292370.0000 162130.0000 240769.0000 233431.0000 223564.0000 -237219.0000 120658.0000 -342751.0000 -329861.0000 -374445.0000 490501.0000 -265728.0000 125989.0000 -349939.0000 459853.0000 189152.0000 -116925.0000 -230267.0000 
458761.0000 483095.0000 323051.0000 -167196.0000 349281.0000 204411.0000 -338851.0000 -55294.0000 226027.0000 -415880.0000 -321352.0000 -348713.0000 490800.0000 404778.0000 313417.0000 -249933.0000 138208.0000 36980.0000 -468653.0000 -241135.0000 -287272.0000 -298513.0000 402920.0000 221728.0000 -64241.0000 28909.0000 371790.0000 414112.0000 236560.0000 273364.0000 -316156.0000 195320.0000 256458.0000 -493105.0000 -471877.0000 -375763.0000 211306.0000 207773.0000 68944.0000 455832.0000 291893.0000 -233909.0000 125619.0000 -198809.0000 -329131.0000 -60965.0000 -430243.0000 -172424.0000 -5485.0000 -398896.0000 
-395059.0000 -274258.0000 321091.0000 -492140.0000 447471.0000 -243150.0000 -444732.0000 -162241.0000 -329039.0000 291828.0000 129622.0000 -145195.0000 -12853.0000 -113920.0000 380200.0000 15271.0000 -471184.0000 -389995.0000 241543.0000 97760.0000 -434164.0000 -448066.0000 -117649.0000 191455.0000 -146875.0000 53220.0000 148990.0000 -77118.0000 -100705.0000 162004.0000 -457515.0000 4236.0000 387746.0000 363577.0000 12097.0000 -146285.0000 -379574.0000 67365.0000 -290027.0000 309887.0000 377693.0000 339596.0000 183191.0000 -135161.0000 244175.0000 -418110.0000 -101391.0000 272991.0000 -308105.0000 -359849.0000 
389251.0000 -242269.0000 -307915.0000 -228399.0000 -32314.0000 -436291.0000 -156680.0000 135175.0000 -494910.0000 242615.0000 -202822.0000 -452424.0000 -253149.0000 203423.0000 411153.0000 -222553.0000 75638.0000 50078.0000 -136689.0000 285611.0000 378464.0000 -258997.0000 125206.0000 61654.0000 105843.0000 -130620.0000 143544.0000 22951.0000 160871.0000 335439.0000 163103.0000 50121.0000 111670.0000 -126313.0000 321722.0000 97855.0000 -62603.0000 -334959.0000 -266971.0000 -57513.0000 407656.0000 -451294.0000 -491438.0000 173006.0000 252129.0000 419715.0000 450453.0000 346266.0000 488292.0000 -186236.0000 
131877.0000 366755.0000 -426734.0000 -242918.0000 446909.0000 179109.0000 -355038.0000 90452.0000 220560.0000 305833.0000 444391.0000 402162.0000 -144047.0000 -425441.0000 -224152.0000 196174.0000 172414.0000 -268256.0000 -120286.0000 -76058.0000 -307269.0000 -212631.0000 -27352.0000 -298707.0000 -21125.0000 243276.0000 139508.0000 447827.0000 89542.0000 127799.0000 -238410.0000 -278582.0000 -486947.0000 353357.0000 497000.0000 459962.0000 32465.0000 160461.0000 -431088.0000 271524.0000 -33707.0000 -486698.0000 173685.0000 -159255.0000 106361.0000 -31967.0000 -463082.0000 297274.0000 199777.0000 -83368.0000 
-278785.0000 -88993.0000 -277499.0000 -287638.0000 112301.0000 201376.0000 -25862.0000 270308.0000 149202.0000 -436321.0000 416606.0000 -70708.0000 303597.0000 429659.0000 -217352.0000 -180905.0000 389620.0000 -166388.0000 479557.0000 458533.0000 123636.0000 464349.0000 -9666.0000 -202680.0000 -194906.0000 115195.0000 265353.0000 360512.0000 -87532.0000 483630.0000 -222856.0000 -347817.0000 -105364.0000 -481856.0000 383045.0000 25436.0000 -261981.0000 -142818.0000 -204257.0000 -94280.0000 -79139.0000 230849.0000 335012.0000 242957.0000 160507.0000 136159.0000 80552.0000 -431374.0000 -11729.0000 60108.0000 
45658.0000 -388094.0000 -457045.0000 -464009.0000 427726.0000 -151951.0000 -330315.0000 193079.0000 -291439.0000 82154.0000 176708.0000 -495796.0000 -247164.0000 89843.0000 -477652.0000 -364120.0000 -384721.0000 -239633.0000 -6937.0000 429522.0000 166087.0000 -67577.0000 160370.0000 -480402.0000 193880.0000 339377.0000 -325744.0000 -225569.0000 408003.0000 162527.0000 -146962.0000 -46340.0000 -207068.0000 -104007.0000 -491850.0000 -279342.0000 244043.0000 196336.0000 -67764.0000 -28897.0000 296989.0000 -391057.0000 -24693.0000 -450176.0000 -282715.0000 -2345.0000 -314296.0000 351064.0000 -223479.0000 -302734.0000 
280586.0000 -38893.0000 -351811.0000 459455.0000 -19295.0000 342069.0000 -182670.0000 -326539.0000 -383501.0000 243832.0000 -145513.0000 -30463.0000 215991.0000 147420.0000 365530.0000 -257359.0000 -113423.0000 -371929.0000 438977.0000 318813.0000 99174.0000 235965.0000 -53745.0000 92980.0000 285789.0000 163540.0000 109134.0000 -10008.0000 14604.0000 385655.0000 -294242.0000 313689.0000 -153238.0000 -146053.0000 -208358.0000 -154034.0000 -303985.0000 108973.0000 19427.0000 331014.0000 371304.0000 373915.0000 319050.0000 87295.0000 -460167.0000 -296922.0000 329936.0000 -73590.0000 -168850.0000 268912.0000 
-254778.0000 -51177.0000 -476625.0000 -290024.0000 -458197.0000 -172337.0000 373516.0000 -330564.0000 -163846.0000 406619.0000 -444909.0000 41912.0000 -261194.0000 420353.0000 395859.0000 30449.0000 -233682.0000 110373.0000 157921.0000 -195755.0000 459886.0000 29224.0000 196659.0000 278935.0000 135018.0000 236492.0000 482014.0000 -35047.0000 181401.0000 331663.0000 252364.0000 -54878.0000 -219515.0000 275739.0000 155098.0000 340788.0000 -396599.0000 -452888.0000 -489776.0000 -60444.0000 453732.0000 83815.0000 -33.0000 -307463.0000 4167.0000 414326.0000 -258515.0000 -211016.0000 24698.0000 399406.0000 
-388272.0000 -15416.0000 447130.0000 -173114.0000 -236482.0000 82147.0000 -436623.0000 264031.0000 65600.0000 -236723.0000 95693.0000 -182037.0000 208399.0000 376179.0000 112202.0000 381996.0000 -264535.0000 215603.0000 429109.0000 264189.0000 173658.0000 382840.0000 -151997.0000 -326375.0000 93876.0000 -129331.0000 -412050.0000 335362.0000 -321847.0000 -368853.0000 -246734.0000 -210119.0000 -365770.0000 -299605.0000 116768.0000 416249.0000 -198958.0000 -301356.0000 180279.0000 366642.0000 480422.0000 -224028.0000 203104.0000 188820.0000 170650.0000 -184695.0000 70816.0000 -75386.0000 49408.0000 -76.0000 
-311197.0000 -276935.0000 401263.0000 -444695.0000 415190.0000 -4862.0000 -74025.0000 -496861.0000 -169501.0000 104128.0000 152787.0000 -397735.0000 -87492.0000 287017.0000 321160.0000 47775.0000 203265.0000 -377799.0000 -235081.0000 -116456.0000 7342.0000 -254660.0000 -321985.0000 -289554.0000 -47341.0000 348665.0000 25751.0000 41974.0000 291778.0000 -424842.0000 -458103.0000 480581.0000 316724.0000 -38341.0000 -464114.0000 231913.0000 456798.0000 480361.0000 -246448.0000 305796.0000 -397013.0000 406339.0000 408061.0000 15495.0000 193355.0000 -252280.0000 -436730.0000 415120.0000 -130079.0000 -171811.0000 
317163.0000 -104237.0000 -407972.0000 495178.0000 106209.0000 44687.0000 -137659.0000 150459.0000 -413339.0000 -345882.0000 -255883.0000 147058.0000 153199.0000 -439160.0000 -391283.0000 -292416.0000 -188748.0000 84014.0000 -312056.0000 64804.0000 408309.0000 -209069.0000 489642.0000 -165131.0000 -175075.0000 -298504.0000 82589.0000 406695.0000 -383385.0000 -28991.0000 253383.0000 433778.0000 366772.0000 345411.0000 -52546.0000 -27020.0000 -109902.0000 -171706.0000 141939.0000 -23241.0000 -17588.0000 386056.0000 142316.0000 154110.0000 -34605.0000 251033.0000 361694.0000 276647.0000 353546.0000 -450363.0000 
359951.0000 261855.0000 359068.0000 349592.0000 115223.0000 -316007.0000 69587.0000 -302189.0000 109187.0000 186202.0000 168820.0000 -137430.0000 -361522.0000 35592.0000 -292020.0000 -395569.0000 27071.0000 -383423.0000 -67275.0000 187509.0000 -388165.0000 -66363.0000 73564.0000 254152.0000 -412254.0000 57458.0000 -476317.0000 449441.0000 352605.0000 377230.0000 17577.0000 212555.0000 -342417.0000 -123355.0000 -419355.0000 272806.0000 -420863.0000 150233.0000 -10884.0000 188324.0000 354934.0000 176435.0000 69393.0000 11912.0000 230526.0000 -204127.0000 116343.0000 276097.0000 -87550.0000 -450932.0000 
-36395.0000 24286.0000 -17295.0000 55669.0000 296937.0000 -411050.0000 -386874.0000 320620.0000 -461610.0000 -15770.0000 -283652.0000 55968.0000 215284.0000 392431.0000 -48888.0000 295930.0000 -316265.0000 -451252.0000 464662.0000 172851.0000 -244429.0000 -161906.0000 367786.0000 324965.0000 350006.0000 98311.0000 -379163.0000 484849.0000 392907.0000 -448214.0000 52416.0000 -143488.0000 -405429.0000 53620.0000 412181.0000 391508.0000 142570.0000 43806.0000 -269373.0000 180961.0000 -471964.0000 465475.0000 255428.0000 243320.0000 357906.0000 225039.0000 -442252.0000 60140.0000 -207714.0000 40909.0000 
251491.0000 47857.0000 379004.0000 119276.0000 391321.0000 -252492.0000 236086.0000 -487843.0000 -267644.0000 128993.0000 -436056.0000 284772.0000 4004.0000 -341485.0000 -161609.0000 -83816.0000 68523.0000 -539.0000 -21511.0000 -182351.0000 198921.0000 -474976.0000 -216877.0000 472848.0000 268345.0000 159528.0000 197886.0000 -155408.0000 -280332.0000 8671.0000 385502.0000 471159.0000 -443473.0000 -216996.0000 -391067.0000 447849.0000 30512.0000 -136482.0000 -21495.0000 262869.0000 492511.0000 42449.0000 -433861.0000 -484987.0000 -280536.0000 423031.0000 -68803.0000 -193514.0000 -77509.0000 -71814.0000 
124135.0000 -378589.0000 -46790.0000 407258.0000 112758.0000 240054.0000 66786.0000 329143.0000 -415354.0000 -195047.0000 -162187.0000 470148.0000 294611.0000 -105660.0000 -246849.0000 403544.0000 360688.0000 -197838.0000 -232939.0000 -160807.0000 -434970.0000 278072.0000 -99859.0000 149670.0000 293085.0000 -361896.0000 72700.0000 242782.0000 -55410.0000 13690.0000 189467.0000 -431276.0000 -346400.0000 -357324.0000 -5518.0000 266358.0000 382731.0000 79767.0000 95500.0000 -14124.0000 384720.0000 -48188.0000 474523.0000 -302171.0000 346152.0000 246173.0000 119872.0000 -274661.0000 -451666.0000 -94568.0000 
-416969.0000 131865.0000 -316497.0000 -16828.0000 -218466.0000 -4912.0000 -360224.0000 -127267.0000 256369.0000 84366.0000 -95078.0000 -54165.0000 -328410.0000 58522.0000 -392990.0000 -315429.0000 343379.0000 8240.0000 264338.0000 457378.0000 494116.0000 -332444.0000 -90811.0000 468638.0000 -134615.0000 273840.0000 214810.0000 485257.0000 499179.0000 263145.0000 409188.0000 -417791.0000 -104991.0000 -407309.0000 -416119.0000 -304958.0000 -393722.0000 242157.0000 67775.0000 -118854.0000 -173478.0000 472697.0000 326981.0000 -483389.0000 -450283.0000 433991.0000 -298818.0000 -88405.0000 460731.0000 -15981.0000 
-131028.0000 454846.0000 151575.0000 278161.0000 423484.0000 35459.0000 -429501.0000 -343208.0000 -460786.0000 88178.0000 419937.0000 448403.0000 170387.0000 333445.0000 59593.0000 -227233.0000 -471514.0000 -315630.0000 -485077.0000 -385240.0000 65516.0000 359946.0000 105956.0000 410996.0000 -104944.0000 155673.0000 -136515.0000 -385262.0000 -432733.0000 -175785.0000 98757.0000 454739.0000 -220939.0000 268832.0000 -248602.0000 221044.0000 322790.0000 -178102.0000 377836.0000 362005.0000 410076.0000 -183728.0000 -171094.0000 -401039.0000 -350284.0000 -93002.0000 390229.0000 196703.0000 91368.0000 405152.0000 
311463.0000 175383.0000 -216404.0000 -82581.0000 86378.0000 178653.0000 91591.0000 449863.0000 293391.0000 -322642.0000 -225922.0000 410647.0000 -367904.0000 -428362.0000 179478.0000 -116505.0000 292682.0000 2268.0000 205393.0000 170517.0000 382772.0000 -366033.0000 486789.0000 230177.0000 -267072.0000 155005.0000 -362826.0000 -376844.0000 -148293.0000 -252959.0000 46808.0000 181669.0000 -59077.0000 330404.0000 117587.0000 -472700.0000 -472445.0000 -290822.0000 477163.0000 -160555.0000 -113464.0000 269740.0000 -249908.0000 -462869.0000 341378.0000 -51931.0000 -79374.0000 134059.0000 -31164.0000 144518.0000 
323076.0000 -148393.0000 278485.0000 309864.0000 100283.0000 -488587.0000 -35132.0000 237457.0000 153069.0000 -164926.0000 2997.0000 -300124.0000 -483257.0000 443920.0000 48780.0000 134330.0000 -10281.0000 76335.0000 -137993.0000 485382.0000 -65720.0000 -232958.0000 255121.0000 184372.0000 -195826.0000 -385002.0000 150940.0000 -256701.0000 249057.0000 -380224.0000 387818.0000 -409369.0000 489883.0000 166302.0000 400496.0000 90166.0000 -303786.0000 383863.0000 346122.0000 -132217.0000 237437.0000 -150881.0000 67659.0000 254180.0000 311538.0000 134938.0000 407009.0000 -198743.0000 229773.0000 287516.0000 
-213362.0000 -335948.0000 -445443.0000 60258.0000 -133077.0000 377231.0000 175256.0000 -482138.0000 139030.0000 442813.0000 -362362.0000 26847.0000 -466557.0000 -372479.0000 211648.0000 -47562.0000 -263814.0000 -73638.0000 354801.0000 -417693.0000 294145.0000 92237.0000 -68574.0000 380303.0000 -153584.0000 261464.0000 15241.0000 271924.0000 -437280.0000 263513.0000 59439.0000 367858.0000 427565.0000 -367504.0000 -71885.0000 -205513.0000 28226.0000 121871.0000 330849.0000 -332745.0000 64683.0000 -13013.0000 194102.0000 -383375.0000 114508.0000 424250.0000 69064.0000 -130807.0000 -149389.0000 -76136.0000 
-48500.0000 163255.0000 -483900.0000 -98574.0000 43557.0000 381016.0000 -337111.0000 77297.0000 152939.0000 244109.0000 -159191.0000 230878.0000 -369535.0000 286873.0000 363374.0000 58580.0000 99859.0000 -108401.0000 198950.0000 -69292.0000 -422646.0000 282132.0000 417695.0000 -210045.0000 398758.0000 -449299.0000 -285796.0000 486321.0000 -80106.0000 -416686.0000 -89816.0000 371394.0000 -234932.0000 444784.0000 291319.0000 -172875.0000 -155702.0000 454208.0000 404422.0000 497237.0000 -283185.0000 263731.0000 -253387.0000 -152720.0000 50603.0000 -390014.0000 -75640.0000 -349538.0000 -479915.0000 -376691.0000 
-400331.0000 115939.0000 405442.0000 -482637.0000 405894.0000 -177302.0000 86564.0000 138598.0000 -190982.0000 24957.0000 221912.0000 -262299.0000 -103650.0000 486981.0000 -317516.0000 -312331.0000 332605.0000 26782.0000 160376.0000 237026.0000 -457483.0000 -104309.0000 -480745.0000 -210869.0000 242971.0000 -411642.0000 417617.0000 185830.0000 257320.0000 -43799.0000 -172361.0000 356989.0000 -427861.0000 251580.0000 -107149.0000 -3467.0000 -425723.0000 479415.0000 -364870.0000 401795.0000 4371.0000 357042.0000 -360505.0000 -80780.0000 -137479.0000 -178021.0000 -374612.0000 -304875.0000 -132740.0000 -195736.0000 
-49349.0000 428277.0000 199955.0000 488406.0000 -282593.0000 461425.0000 -423237.0000 153524.0000 147255.0000 334083.0000 -390276.0000 -6607.0000 -290430.0000 200364.0000 -255028.0000 102421.0000 -303104.0000 337749.0000 81835.0000 -167974.0000 239543.0000 104705.0000 207567.0000 379038.0000 -476075.0000 88588.0000 219516.0000 167813.0000 -197788.0000 -413225.0000 472077.0000 -228638.0000 33551.0000 172031.0000 -240232.0000 250959.0000 -348045.0000 355031.0000 -95518.0000 -182291.0000 189114.0000 -467295.0000 311102.0000 -82817.0000 -248432.0000 -443927.0000 -480396.0000 -51536.0000 -87679.0000 -380062.0000 
280490.0000 -348137.0000 224644.0000 -493444.0000 49400.0000 -232932.0000 95144.0000 -231085.0000 434881.0000 397356.0000 374190.0000 406958.0000 -331282.0000 -92260.0000 -402513.0000 446986.0000 177198.0000 -250558.0000 302016.0000 100179.0000 67151.0000 -490372.0000 132885.0000 -121748.0000 -73188.0000 384453.0000 452825.0000 464916.0000 351417.0000 383645.0000 -415147.0000 -349595.0000 -464493.0000 309497.0000 -343039.0000 -396594.0000 -423436.0000 -229396.0000 -127679.0000 -488555.0000 -332040.0000 265010.0000 -63098.0000 355178.0000 191250.0000 34389.0000 -179338.0000 -131553.0000 -197669.0000 -377323.0000 
468627.0000 -112019.0000 150806.0000 -379990.0000 -215267.0000 96117.0000 22962.0000 -262443.0000 61032.0000 392878.0000 139702.0000 145885.0000 -456717.0000 -306292.0000 -44618.0000 218744.0000 -202885.0000 -449555.0000 489349.0000 -312065.0000 80390.0000 -342692.0000 452946.0000 35791.0000 30985.0000 -337306.0000 88680.0000 351647.0000 31141.0000 391011.0000 -7177.0000 -481734.0000 -221009.0000 -356372.0000 156776.0000 63724.0000 239745.0000 198238.0000 -180219.0000 -199224.0000 91115.0000 459483.0000 -34839.0000 -347103.0000 171690.0000 -60958.0000 371642.0000 468805.0000 -10513.0000 360990.0000 
-343260.0000 88377.0000 36797.0000 128185.0000 -375833.0000 -432219.0000 290879.0000 212847.0000 -62073.0000 340519.0000 103857.0000 430750.0000 -122715.0000 -98652.0000 -425622.0000 52560.0000 -16429.0000 -167378.0000 269297.0000 -178149.0000 -348102.0000 378912.0000 -218667.0000 117059.0000 -468192.0000 -28477.0000 -443900.0000 403450.0000 -59673.0000 -435914.0000 -217062.0000 -384434.0000 -329038.0000 319735.0000 -237750.0000 -204870.0000 387516.0000 -446872.0000 -492024.0000 -174558.0000 -87853.0000 -369667.0000 -243808.0000 -192069.0000 -449820.0000 349070.0000 -121010.0000 33751.0000 200191.0000 -351713.0000 
355603.0000 352089.0000 -472802.0000 155435.0000 487647.0000 77506.0000 -373043.0000 62246.0000 499456.0000 -414216.0000 -355168.0000 -217607.0000 -298650.0000 -184206.0000 -397872.0000 -36399.0000 110924.0000 489644.0000 -464772.0000 -362600.0000 333586.0000 465875.0000 286233.0000 108277.0000 292305.0000 336413.0000 475846.0000 -328705.0000 388663.0000 176036.0000 338082.0000 -237236.0000 -453376.0000 -116221.0000 -63301.0000 -465730.0000 461285.0000 -417845.0000 -384984.0000 460740.0000 -332061.0000 -240152.0000 -256867.0000 387790.0000 75642.0000 363761.0000 -148610.0000 205066.0000 -128097.0000 405118.0000 
-139035.0000 -294512.0000 -110508.0000 165697.0000 -167736.0000 -318204.0000 -479392.0000 -191891.0000 371591.0000 409271.0000 2645.0000 209672.0000 190535.0000 49269.0000 111950.0000 -372767.0000 -397962.0000 73235.0000 -290612.0000 -282946.0000 -447527.0000 395828.0000 495402.0000 314106.0000 283617.0000 -410457.0000 177866.0000 153506.0000 -186892.0000 -450231.0000 -422878.0000 174073.0000 273757.0000 -33386.0000 -160231.0000 -393979.0000 -333090.0000 -139623.0000 432630.0000 -461500.0000 288147.0000 453774.0000 248173.0000 497181.0000 3042.0000 378622.0000 -375587.0000 -376420.0000 470356.0000 352302.0000 
359134.0000 -477171.0000 -233372.0000 -126965.0000 -144566.0000 68744.0000 -37422.0000 -466700.0000 -277751.0000 275686.0000 101569.0000 317871.0000 468258.0000 -124675.0000 -215515.0000 326526.0000 499846.0000 -48605.0000 -313098.0000 -49025.0000 -491606.0000 -6452.0000 -95252.0000 256567.0000 -9271.0000 -73710.0000 -346312.0000 -366359.0000 -431631.0000 -375957.0000 4442.0000 427503.0000 -353128.0000 271070.0000 -199463.0000 -479194.0000 -160187.0000 -218386.0000 72606.0000 -419439.0000 -442701.0000 -325826.0000 398433.0000 44056.0000 -432002.0000 201417.0000 -129419.0000 86344.0000 -347189.0000 -424018.0000 
-462682.0000 -338795.0000 69531.0000 460566.0000 -63728.0000 78759.0000 -113145.0000 -391541.0000 212400.0000 -44776.0000 -267498.0000 -283158.0000 401227.0000 397875.0000 6411.0000 -298237.0000 418681.0000 346225.0000 -498123.0000 -8714.0000 426786.0000 -440824.0000 -316041.0000 -156283.0000 103233.0000 -248043.0000 -454867.0000 473814.0000 -143200.0000 216444.0000 68296.0000 -105882.0000 -103851.0000 -362174.0000 -145316.0000 -149080.0000 216585.0000 -239962.0000 -40621.0000 447484.0000 -266238.0000 191881.0000 182825.0000 -365012.0000 -391746.0000 -310764.0000 355251.0000 -473066.0000 53960.0000 357128.0000 
18220.0000 499245.0000 -65196.0000 202179.0000 -157038.0000 56536.0000 -27364.0000 406595.0000 -451152.0000 329436.0000 -358462.0000 117144.0000 242054.0000 37687.0000 254970.0000 115237.0000 -92894.0000 490054.0000 375275.0000 366485.0000 -43963.0000 -390964.0000 -423136.0000 -361139.0000 262524.0000 -314881.0000 346597.0000 117775.0000 230553.0000 419056.0000 493402.0000 -251227.0000 418301.0000 -71795.0000 -30549.0000 279762.0000 484741.0000 -39414.0000 -295145.0000 -466411.0000 -209978.0000 -153607.0000 150733.0000 50575.0000 384080.0000 424203.0000 -334189.0000 309685.0000 414256.0000 59585.0000 
-305332.0000 388792.0000 -312879.0000 -228467.0000 46153.0000 449645.0000 475152.0000 -107251.0000 -414082.0000 205704.0000 330305.0000 -420680.0000 -27024.0000 248605.0000 -473976.0000 -39073.0000 -453135.0000 -489235.0000 421513.0000 -248280.0000 62854.0000 230034.0000 98114.0000 -286414.0000 -219392.0000 -499308.0000 -362212.0000 464919.0000 310378.0000 70544.0000 24504.0000 -494955.0000 -40665.0000 -269876.0000 295078.0000 23987.0000 -320232.0000 -211272.0000 416737.0000 284187.0000 494433.0000 247041.0000 363507.0000 485908.0000 -485856.0000 389531.0000 -53166.0000 -438991.0000 -81205.0000 386847.0000 
331229.0000 481649.0000 -364621.0000 447842.0000 213735.0000 -84012.0000 448535.0000 351523.0000 399406.0000 -222589.0000 440566.0000 442409.0000 300956.0000 418401.0000 -327468.0000 96034.0000 -57613.0000 -147699.0000 384762.0000 377623.0000 154987.0000 -102307.0000 -356838.0000 18493.0000 402101.0000 -342694.0000 426523.0000 367434.0000 236815.0000 -154682.0000 254280.0000 -413457.0000 345466.0000 -91841.0000 -465616.0000 59200.0000 -157354.0000 1418.0000 429223.0000 -257949.0000 278829.0000 369788.0000 -315540.0000 79785.0000 -193313.0000 -143008.0000 194318.0000 249075.0000 -272208.0000 -402422.0000 
126697.0000 382779.0000 -486229.0000 -211641.0000 419771.0000 415872.0000 -54335.0000 346294.0000 -198196.0000 200980.0000 210111.0000 74584.0000 -193978.0000 -425925.0000 482743.0000 -159594.0000 133276.0000 -174612.0000 341825.0000 62498.0000 67439.0000 -360848.0000 450785.0000 -229602.0000 218937.0000 -242528.0000 127391.0000 431754.0000 25046.0000 -126318.0000 -470668.0000 170242.0000 274961.0000 61603.0000 458601.0000 194731.0000 495974.0000 422766.0000 -440477.0000 -202223.0000 123745.0000 -211867.0000 372361.0000 429767.0000 -137791.0000 -126398.0000 288672.0000 495485.0000 198990.0000 -351005.0000 
-423519.0000 284929.0000 -211852.0000 -472735.0000 73826.0000 -492916.0000 303237.0000 219716.0000 -42662.0000 -171718.0000 -406602.0000 -494831.0000 498525.0000 368359.0000 66772.0000 457125.0000 -418412.0000 62745.0000 379890.0000 -358888.0000 -120979.0000 -477867.0000 -70755.0000 269882.0000 -29601.0000 291454.0000 -356517.0000 -240929.0000 -194563.0000 -139027.0000 -91934.0000 400418.0000 164401.0000 196214.0000 427684.0000 -261774.0000 -278202.0000 230920.0000 457943.0000 -302365.0000 77702.0000 69840.0000 -297196.0000 76226.0000 -61802.0000 269576.0000 -448151.0000 19786.0000 350820.0000 431740.0000 
-320603.0000 -270160.0000 453873.0000 108643.0000 499722.0000 442772.0000 418596.0000 161705.0000 -298158.0000 242533.0000 41177.0000 -371593.0000 142950.0000 -294423.0000 -156879.0000 -410868.0000 462303.0000 -416582.0000 -161448.0000 420245.0000 -218947.0000 416254.0000 -9916.0000 -16143.0000 -489022.0000 -53219.0000 271932.0000 -437173.0000 466568.0000 -358750.0000 494567.0000 -354036.0000 -128910.0000 -33061.0000 -226894.0000 389312.0000 -90290.0000 210202.0000 -430485.0000 -369949.0000 -47266.0000 110692.0000 276958.0000 114183.0000 316269.0000 -379922.0000 203316.0000 278571.0000 221996.0000 -458133.0000 
-282685.0000 -496952.0000 -23380.0000 207399.0000 -494596.0000 -12402.0000 172680.0000 -204165.0000 50425.0000 139247.0000 -62915.0000 -436509.0000 -196290.0000 -173325.0000 30430.0000 -404684.0000 234486.0000 -41361.0000 305518.0000 304001.0000 -392811.0000 276751.0000 433192.0000 384147.0000 -109067.0000 -232041.0000 22725.0000 112748.0000 65029.0000 -255280.0000 -326886.0000 282344.0000 266269.0000 -331767.0000 -491758.0000 271673.0000 155831.0000 180922.0000 86008.0000 224756.0000 338668.0000 41592.0000 -193254.0000 160877.0000 368267.0000 -144325.0000 256193.0000 -378749.0000 314314.0000 -419791.0000 
425252.0000 -59998.0000 356960.0000 358443.0000 -175852.0000 266393.0000 144901.0000 346873.0000 397640.0000 -290070.0000 110093.0000 89254.0000 492274.0000 -123639.0000 257487.0000 19015.0000 166533.0000 431818.0000 218436.0000 -247460.0000 -324928.0000 57103.0000 294133.0000 -18182.0000 -282020.0000 -319102.0000 337493.0000 -7328.0000 -197850.0000 -329695.0000 72882.0000 245901.0000 110307.0000 448341.0000 -377157.0000 -47046.0000 -266768.0000 267744.0000 318327.0000 149372.0000 477674.0000 -71581.0000 -261375.0000 -11553.0000 -176721.0000 14611.0000 -492539.0000 489812.0000 -53572.0000 225898.0000 
260852.0000 121500.0000 301500.0000 54984.0000 121817.0000 37979.0000 -245619.0000 -40691.0000 -469349.0000 56531.0000 -351887.0000 -377968.0000 320932.0000 258420.0000 88872.0000 443775.0000 229874.0000 -159396.0000 211518.0000 48200.0000 489976.0000 -292309.0000 -4882.0000 247100.0000 -285363.0000 318397.0000 280210.0000 -277902.0000 -173293.0000 -273362.0000 -33505.0000 -412442.0000 -133363.0000 286495.0000 -338959.0000 6954.0000 -175527.0000 -84577.0000 -15238.0000 373624.0000 -9547.0000 132876.0000 14155.0000 -188616.0000 409795.0000 121527.0000 -244842.0000 139668.0000 462131.0000 -14824.0000 
206367.0000 -29395.0000 -288634.0000 -298516.0000 236204.0000 -73997.0000 38380.0000 16413.0000 -333400.0000 365088.0000 -238450.0000 -348405.0000 452646.0000 -353313.0000 438090.0000 -386313.0000 153641.0000 281062.0000 -452391.0000 -361598.0000 -326815.0000 38062.0000 -210223.0000 -294161.0000 349447.0000 -300428.0000 327366.0000 123104.0000 -142261.0000 -192005.0000 -391721.0000 82606.0000 -202901.0000 338145.0000 284090.0000 51802.0000 -235853.0000 340970.0000 -431785.0000 -69252.0000 206057.0000 348265.0000 82343.0000 -322799.0000 13451.0000 20432.0000 309388.0000 -332909.0000 319993.0000 356997.0000 
323994.0000 493178.0000 -104941.0000 132270.0000 -300983.0000 263005.0000 331842.0000 44882.0000 -113892.0000 208081.0000 352878.0000 -487113.0000 -209314.0000 -350024.0000 351032.0000 93275.0000 201779.0000 133679.0000 -65756.0000 -211507.0000 -435574.0000 158800.0000 155257.0000 146769.0000 -145499.0000 -331292.0000 185700.0000 -336112.0000 354299.0000 -475809.0000 39385.0000 -303209.0000 -482631.0000 -47057.0000 329062.0000 234886.0000 -284053.0000 -320598.0000 -220233.0000 -379446.0000 387483.0000 -367356.0000 151941.0000 196668.0000 301121.0000 2973.0000 -210057.0000 -478602.0000 -363349.0000 -257314.0000 
328391.0000 219577.0000 401487.0000 -497854.0000 384845.0000 -244013.0000 189354.0000 -410957.0000 438375.0000 43653.0000 -386766.0000 -22241.0000 -241057.0000 149103.0000 -50799.0000 -411996.0000 -116012.0000 165148.0000 285907.0000 -317745.0000 -195798.0000 173389.0000 333399.0000 456143.0000 -129943.0000 134519.0000 -40885.0000 -321501.0000 -325584.0000 -385735.0000 -78815.0000 21306.0000 -147659.0000 341171.0000 23453.0000 -262815.0000 -402843.0000 -287194.0000 -173772.0000 54032.0000 -225042.0000 457963.0000 50290.0000 33902.0000 107065.0000 499492.0000 -359595.0000 9553.0000 164639.0000 426312.0000 
191808.0000 468841.0000 -381800.0000 25206.0000 -56517.0000 -493244.0000 178225.0000 -78903.0000 -314745.0000 352641.0000 35363.0000 -375061.0000 392447.0000 -93797.0000 466111.0000 -84101.0000 143389.0000 81767.0000 -352796.0000 -11884.0000 -364202.0000 -77837.0000 464578.0000 186089.0000 -25436.0000 71643.0000 -295921.0000 114969.0000 -418805.0000 -112783.0000 -440220.0000 -208498.0000 374558.0000 196480.0000 316708.0000 -181960.0000 -278265.0000 -486569.0000 239137.0000 425490.0000 366073.0000 292999.0000 -449572.0000 258519.0000 -300798.0000 -483462.0000 192917.0000 -138910.0000 -383195.0000 340121.0000 
349206.0000 -247397.0000 280783.0000 313784.0000 -42809.0000 -244654.0000 403926.0000 -320231.0000 -111185.0000 3620.0000 66987.0000 467095.0000 295122.0000 -58456.0000 163574.0000 -369672.0000 259584.0000 385309.0000 -356240.0000 -1280.0000 -170703.0000 28332.0000 310219.0000 -120275.0000 305350.0000 -490580.0000 414764.0000 -483235.0000 -129490.0000 -468432.0000 356886.0000 -280285.0000 302671.0000 137669.0000 51998.0000 278362.0000 -88486.0000 474423.0000 458131.0000 -181172.0000 -21958.0000 -456384.0000 -214078.0000 291663.0000 -14840.0000 -32005.0000 -59509.0000 263243.0000 371803.0000 84251.0000 
280463.0000 -298901.0000 131082.0000 90681.0000 80825.0000 454931.0000 100101.0000 -4412.0000 471696.0000 -10890.0000 -454345.0000 328581.0000 -272676.0000 -133175.0000 484749.0000 279323.0000 -354814.0000 414763.0000 253745.0000 121817.0000 -266410.0000 250287.0000 165433.0000 19513.0000 41949.0000 169093.0000 487508.0000 939.0000 -67665.0000 359311.0000 -414811.0000 231297.0000 78909.0000 -265230.0000 -178023.0000 -340267.0000 -310300.0000 -59423.0000 -326180.0000 -338605.0000 429687.0000 237975.0000 8476.0000 -342989.0000 -395200.0000 -488277.0000 -45167.0000 268486.0000 426486.0000 227077.0000 
-109698.0000 -339924.0000 495863.0000 74235.0000 179589.0000 37812.0000 -256673.0000 -314405.0000 57250.0000 -305839.0000 63405.0000 -339061.0000 -56042.0000 -357686.0000 -104291.0000 -215566.0000 320547.0000 85410.0000 225012.0000 494368.0000 -234696.0000 -326803.0000 232342.0000 -207721.0000 348708.0000 -144359.0000 -195997.0000 -196460.0000 -375873.0000 -269512.0000 49117.0000 -467072.0000 -109436.0000 44979.0000 107163.0000 88652.0000 -417210.0000 -131011.0000 -207253.0000 -341460.0000 -418350.0000 356152.0000 -180521.0000 25608.0000 16965.0000 215188.0000 310042.0000 -162488.0000 319097.0000 -446448.0000 
-168121.0000 102901.0000 -273250.0000 82720.0000 395180.0000 -424543.0000 -43139.0000 -300818.0000 397498.0000 80988.0000 -70329.0000 -53386.0000 113916.0000 -161266.0000 491593.0000 239579.0000 427387.0000 92883.0000 -391433.0000 -279867.0000 251423.0000 208717.0000 94784.0000 -429099.0000 -265676.0000 -388251.0000 286089.0000 62866.0000 -50739.0000 -376315.0000 116418.0000 -200361.0000 226586.0000 343168.0000 -99142.0000 121765.0000 -62875.0000 357719.0000 320948.0000 -165378.0000 457206.0000 269118.0000 281236.0000 -410379.0000 -392149.0000 272828.0000 329200.0000 53737.0000 -134290.0000 -43734.0000 
-207631.0000 135632.0000 -335017.0000 -94347.0000 206533.0000 417807.0000 17402.0000 -488879.0000 -19328.0000 -14838.0000 -365194.0000 -402910.0000 -196700.0000 -120109.0000 -41243.0000 204158.0000 -498345.0000 395882.0000 -419624.0000 -158898.0000 249003.0000 56081.0000 128719.0000 30238.0000 -335799.0000 -244930.0000 321566.0000 493401.0000 -172694.0000 205775.0000 468167.0000 119676.0000 -158593.0000 151649.0000 -474672.0000 66439.0000 69455.0000 -438771.0000 77560.0000 -449873.0000 -435110.0000 -269135.0000 165717.0000 -131810.0000 110756.0000 -375527.0000 90847.0000 -369089.0000 38855.0000 171223.0000 
490513.0000 -212143.0000 245804.0000 119232.0000 -163405.0000 410005.0000 -107199.0000 176660.0000 -78095.0000 220107.0000 -117566.0000 408571.0000 358282.0000 -257660.0000 60219.0000 -97891.0000 -172721.0000 -370327.0000 -36662.0000 -76662.0000 198300.0000 28228.0000 154204.0000 -135984.0000 396418.0000 283459.0000 -493011.0000 -494236.0000 414370.0000 45844.0000 -304514.0000 -76618.0000 -147800.0000 441290.0000 61113.0000 188795.0000 -130206.0000 453914.0000 -134546.0000 291699.0000 174020.0000 -233612.0000 -281232.0000 32302.0000 -472773.0000 278987.0000 434411.0000 -145494.0000 -72841.0000 416249.0000 
277845.0000 143959.0000 -55524.0000 450548.0000 26474.0000 359394.0000 234006.0000 33463.0000 365158.0000 -333125.0000 97806.0000 79143.0000 90257.0000 450007.0000 20433.0000 -348631.0000 138801.0000 390227.0000 -394718.0000 -495745.0000 -299576.0000 -202199.0000 289143.0000 -80808.0000 330103.0000 316370.0000 216678.0000 -216987.0000 -329124.0000 162336.0000 -300739.0000 -32780.0000 -193706.0000 -337764.0000 -82233.0000 332769.0000 40129.0000 -348228.0000 384731.0000 -94714.0000 -181353.0000 -17463.0000 484430.0000 -72597.0000 -67457.0000 -476639.0000 78772.0000 89843.0000 -67913.0000 -297447.0000 
-387403.0000 -348990.0000 355.0000 401740.0000 -411299.0000 348957.0000 218110.0000 -176122.0000 -368031.0000 -92515.0000 486214.0000 -168770.0000 374705.0000 -207492.0000 -6533.0000 -207529.0000 143776.0000 -466405.0000 462743.0000 28506.0000 457382.0000 -218610.0000 29542.0000 -39690.0000 208793.0000 -19416.0000 -497830.0000 306065.0000 -429573.0000 -65743.0000 27117.0000 -316976.0000 -396234.0000 -472529.0000 103264.0000 -307533.0000 376429.0000 339873.0000 16345.0000 26897.0000 -252643.0000 -478943.0000 358128.0000 140561.0000 -186435.0000 370094.0000 433032.0000 -24160.0000 -77812.0000 -85727.0000 
22846.0000 398069.0000 195663.0000 -447613.0000 376878.0000 422956.0000 -448529.0000 379048.0000 -252481.0000 -378102.0000 331804.0000 274636.0000 323422.0000 435570.0000 -179393.0000 445185.0000 146536.0000 215535.0000 285057.0000 181380.0000 -257569.0000 50913.0000 202438.0000 119058.0000 209973.0000 34502.0000 -492350.0000 -338497.0000 28842.0000 -70161.0000 75777.0000 -448313.0000 346407.0000 -228561.0000 122574.0000 223285.0000 212894.0000 174045.0000 -379169.0000 -21088.0000 -185558.0000 452636.0000 -246452.0000 156364.0000 -93296.0000 -407346.0000 101548.0000 71740.0000 308189.0000 405105.0000 
271619.0000 -449381.0000 474517.0000 -25944.0000 -311823.0000 184490.0000 27058.0000 -304173.0000 345993.0000 -444101.0000 -355835.0000 -78231.0000 126086.0000 490573.0000 -288292.0000 -251341.0000 213857.0000 424602.0000 -58796.0000 334688.0000 422014.0000 -225855.0000 -194178.0000 -324439.0000 430509.0000 -268974.0000 286715.0000 -449444.0000 302766.0000 94903.0000 -25840.0000 74384.0000 -335979.0000 -51324.0000 66940.0000 -147802.0000 -366835.0000 -406003.0000 -433475.0000 479159.0000 168396.0000 -289310.0000 419427.0000 -205519.0000 -298738.0000 -368866.0000 -438361.0000 -66382.0000 74236.0000 -478658.0000 
286806.0000 -3751.0000 313988.0000 111127.0000 -309691.0000 244496.0000 342153.0000 477024.0000 -186449.0000 -336583.0000 -409575.0000 287711.0000 -243699.0000 -245554.0000 -263613.0000 323241.0000 -374856.0000 388052.0000 -64263.0000 210169.0000 -114291.0000 -395868.0000 420859.0000 -194864.0000 417113.0000 140621.0000 454770.0000 -2749.0000 92738.0000 29005.0000 -462907.0000 398043.0000 43753.0000 351081.0000 9170.0000 -247439.0000 -385925.0000 369822.0000 -270416.0000 -72373.0000 -466761.0000 338509.0000 -284663.0000 -210460.0000 111455.0000 470224.0000 131280.0000 -244902.0000 358276.0000 -432984.0000 
465267.0000 -256016.0000 189648.0000 -95376.0000 49120.0000 -374741.0000 -454756.0000 3890.0000 -358991.0000 -343518.0000 51394.0000 -321898.0000 -445476.0000 -404853.0000 47682.0000 -417807.0000 366208.0000 161758.0000 452016.0000 114292.0000 107884.0000 3754.0000 -47200.0000 323221.0000 -188207.0000 -435746.0000 -188056.0000 443073.0000 337852.0000 188719.0000 28588.0000 303118.0000 432703.0000 -281765.0000 -292258.0000 -499678.0000 361994.0000 271486.0000 -477289.0000 -496998.0000 427968.0000 -407396.0000 199605.0000 992.0000 206251.0000 -252714.0000 83185.0000 72459.0000 -72457.0000 -446301.0000 
-313250.0000 -464574.0000 57453.0000 139550.0000 -122853.0000 369246.0000 -277696.0000 189091.0000 -169183.0000 -439845.0000 -122191.0000 359405.0000 -118227.0000 329011.0000 96139.0000 -391986.0000 329333.0000 -41868.0000 379500.0000 -129457.0000 479635.0000 -174033.0000 -36852.0000 179239.0000 326959.0000 -330602.0000 -54976.0000 428643.0000 241857.0000 372568.0000 482343.0000 428607.0000 -73507.0000 -441706.0000 -413344.0000 303640.0000 -53960.0000 327460.0000 -488771.0000 276857.0000 -93886.0000 -110962.0000 136262.0000 287887.0000 236549.0000 -267600.0000 395901.0000 -415620.0000 -290968.0000 -206100.0000 
-45076.0000 -311334.0000 -361634.0000 -63429.0000 -113596.0000 465325.0000 105969.0000 -150073.0000 -87534.0000 366326.0000 240994.0000 -105192.0000 -186569.0000 -332513.0000 471603.0000 -99913.0000 -10374.0000 -82358.0000 -272454.0000 856.0000 -305502.0000 -347840.0000 -91607.0000 330760.0000 440047.0000 -355059.0000 81660.0000 -145553.0000 -270678.0000 -190809.0000 -333154.0000 -297255.0000 -483644.0000 -194788.0000 139316.0000 -97240.0000 -229464.0000 -254716.0000 -228814.0000 -298499.0000 130109.0000 -487820.0000 96310.0000 443541.0000 198167.0000 67912.0000 362127.0000 -312208.0000 485554.0000 -410327.0000 
188648.0000 198551.0000 -258167.0000 115541.0000 29311.0000 200379.0000 260482.0000 129470.0000 73325.0000 8303.0000 438661.0000 240171.0000 211048.0000 455017.0000 -454618.0000 368863.0000 376276.0000 334418.0000 132647.0000 165961.0000 -464081.0000 -237245.0000 -303360.0000 -349272.0000 -293705.0000 394807.0000 -262861.0000 -431578.0000 101099.0000 -277308.0000 176595.0000 -210254.0000 -60258.0000 -63073.0000 405287.0000 -12448.0000 155805.0000 -315732.0000 -382979.0000 -270870.0000 192571.0000 74181.0000 469301.0000 422119.0000 -452304.0000 -485317.0000 290981.0000 -57529.0000 -132400.0000 -76373.0000 
-391568.0000 -96481.0000 186383.0000 -194928.0000 54247.0000 -88823.0000 218379.0000 291386.0000 -20401.0000 -180523.0000 32577.0000 174693.0000 109223.0000 472320.0000 130119.0000 -466991.0000 478371.0000 -214076.0000 235777.0000 -404608.0000 15054.0000 446847.0000 -311928.0000 -497147.0000 368965.0000 -264231.0000 36036.0000 -321555.0000 -303261.0000 403637.0000 102072.0000 -194829.0000 -192845.0000 306954.0000 -371257.0000 -120098.0000 236631.0000 347122.0000 189787.0000 234729.0000 -333402.0000 240864.0000 -90578.0000 -205680.0000 -268318.0000 -460460.0000 -172671.0000 -289948.0000 -174536.0000 81605.0000 
