100 50
53541.0000 -352498.0000 -342676.0000 -150513.0000 -379187.0000 414630.0000 -277138.0000 381520.0000 358879.0000 148769.0000 114850.0000 -411065.0000 151015.0000 180395.0000 -401427.0000 451025.0000 -31757.0000 -423577.0000 17114.0000 -131058.0000 112141.0000 -403645.0000 -186688.0000 314051.0000 131986.0000 462761.0000 222665.0000 -52182.0000 -231976.0000 178933.0000 61800.0000 321565.0000 -155065.0000 -262377.0000 189551.0000 -34252.0000 -347747.0000 412413.0000 365768.0000 29631.0000 -420320.0000 -19383.0000 118566.0000 230695.0000 -338988.0000 -264361.0000 -299781.0000 129255.0000 -187938.0000 217333.0000 
16696.0000 -57298.0000 313688.0000 330008.0000 -243247.0000 -54327.0000 -188733.0000 -2083.0000 -88010.0000 79291.0000 195349.0000 473791.0000 419356.0000 -459717.0000 229913.0000 108906.0000 6032.0000 382166.0000 -460182.0000 -128201.0000 -88204.0000 -380502.0000 -129085.0000 48862.0000 350194.0000 31927.0000 284501.0000 -449588.0000 179681.0000 115062.0000 267745.0000 214876.0000 -442236.0000 81432.0000 44884.0000 333017.0000 45604.0000 356151.0000 -169067.0000 457595.0000 453942.0000 -473719.0000 -50116.0000 373297.0000 -433435.0000 -320204.0000 -17798.0000 -408904.0000 -438038.0000 -459481.0000 
-37105.0000 492258.0000 -339982.0000 333810.0000 41119.0000 -489789.0000 384237.0000 344119.0000 79123.0000 -417584.0000 477681.0000 -153133.0000 297293.0000 -464556.0000 -53202.0000 360676.0000 -113040.0000 10901.0000 216826.0000 217893.0000 -31505.0000 -310734.0000 -237327.0000 -63122.0000 -437438.0000 -170762.0000 116675.0000 -436736.0000 -79666.0000 -302864.0000 -396217.0000 -98272.0000 207893.0000 -236199.0000 254038.0000 -250988.0000 292512.0000 -343227.0000 -406870.0000 -128366.0000 257689.0000 89310.0000 -263000.0000 54981.0000 124754.0000 -297703.0000 434156.0000 -488287.0000 213199.0000 150982.0000 
-251895.0000 200193.0000 -141253.0000 10779.0000 -362929.0000 -78690.0000 -141484.0000 -227755.0000 -496927.0000 -202650.0000 487881.0000 -393144.0000 -282423.0000 195773.0000 389158.0000 -9886.0000 444785.0000 -299832.0000 146887.0000 56415.0000 -409698.0000 423076.0000 -354276.0000 345802.0000 496556.0000 -211022.0000 -451901.0000 430712.0000 319191.0000 -220203.0000 -399808.0000 85796.0000 479990.0000 -41061.0000 -403426.0000 135560.0000 380249.0000 473590.0000 407805.0000 383322.0000 -229061.0000 -85816.0000 8678.0000 -492984.0000 -390043.0000 -102165.0000 -2870.0000 73241.0000 -383498.0000 162517.0000 
148155.0000 -293196.0000 85592.0000 -187621.0000 -447394.0000 82147.0000 101357.0000 119205.0000 12858.0000 439047.0000 399002.0000 113050.0000 24842.0000 378991.0000 -428011.0000 -360085.0000 -466950.0000 -29263.0000 132005.0000 -40646.0000 -145941.0000 402944.0000 373539.0000 -118764.0000 409960.0000 483496.0000 -202430.0000 425590.0000 -424765.0000 -85928.0000 88106.0000 223391.0000 -360624.0000 -326303.0000 -464231.0000 -308018.0000 255844.0000 -344375.0000 311187.0000 287202.0000 113171.0000 210188.0000 -99749.0000 156513.0000 -392323.0000 490740.0000 296428.0000 -359273.0000 -38523.0000 -71568.0000 
100082.0000 -165965.0000 349876.0000 -26380.0000 215271.0000 -221666.0000 475615.0000 -487160.0000 -296077.0000 -449151.0000 445412.0000 -189472.0000 -207261.0000 -415213.0000 -15775.0000 347008.0000 295269.0000 258569.0000 -497368.0000 106455.0000 45770.0000 -365697.0000 335142.0000 -35480.0000 290816.0000 442820.0000 -44740.0000 -394258.0000 102046.0000 -64764.0000 -447326.0000 220627.0000 269271.0000 -78951.0000 -305754.0000 -496960.0000 199383.0000 188360.0000 34380.0000 -78194.0000 -242291.0000 -20209.0000 232334.0000 50448.0000 -416922.0000 235059.0000 -102544.0000 378347.0000 -487874.0000 418588.0000 
-496699.0000 -423605.0000 -447110.0000 338443.0000 40915.0000 -137795.0000 -200239.0000 14674.0000 -32052.0000 -79693.0000 449910.0000 -460879.0000 -359067.0000 -262321.0000 -39830.0000 353680.0000 259219.0000 178052.0000 42039.0000 -206402.0000 -400143.0000 299748.0000 -208111.0000 -149309.0000 368696.0000 -125033.0000 104249.0000 284651.0000 271813.0000 116375.0000 -278263.0000 275114.0000 192770.0000 293128.0000 -367944.0000 252184.0000 -344668.0000 -68183.0000 -233142.0000 -358221.0000 -129377.0000 235267.0000 -319100.0000 11557.0000 -8554.0000 141070.0000 -134764.0000 -249336.0000 337622.0000 407275.0000 
-437238.0000 437479.0000 -274478.0000 373151.0000 306669.0000 112717.0000 -251883.0000 -89083.0000 -102633.0000 38429.0000 45791.0000 119104.0000 -186457.0000 -261440.0000 430731.0000 464099.0000 490745.0000 -413937.0000 -104085.0000 276102.0000 246342.0000 -214962.0000 11368.0000 427243.0000 296595.0000 21313.0000 -413189.0000 -338170.0000 -209523.0000 424433.0000 87604.0000 -146761.0000 -119589.0000 -168375.0000 -273611.0000 -312921.0000 444342.0000 493006.0000 -383504.0000 360208.0000 31434.0000 162287.0000 497812.0000 -136524.0000 -80653.0000 428542.0000 -172426.0000 -89909.0000 -485396.0000 -258011.0000 
-313808.0000 260947.0000 27027.0000 -283941.0000 -293312.0000 342121.0000 237373.0000 -206501.0000 22450.0000 46349.0000 236432.0000 -389947.0000 399588.0000 -383158.0000 -58321.0000 144476.0000 322421.0000 404520.0000 137481.0000 -42584.0000 264728.0000 187414.0000 138203.0000 -218962.0000 69390.0000 -442451.0000 -290421.0000 -84537.0000 486140.0000 242684.0000 157452.0000 190831.0000 -477871.0000 202978.0000 -74611.0000 -271183.0000 -436403.0000 181261.0000 -459185.0000 86047.0000 -272391.0000 -204254.0000 196101.0000 -372804.0000 431088.0000 156279.0000 271672.0000 -227992.0000 -420703.0000 427652.0000 
229424.0000 -137476.0000 -366435.0000 386126.0000 143562.0000 202955.0000 443675.0000 353142.0000 -381583.0000 -51687.0000 95825.0000 -205631.0000 -360857.0000 -363547.0000 15846.0000 64533.0000 383770.0000 79444.0000 -254207.0000 424585.0000 -334510.0000 -26597.0000 238831.0000 -119910.0000 -380902.0000 169918.0000 -463632.0000 -90730.0000 441926.0000 134166.0000 -163079.0000 -310151.0000 496690.0000 -29514.0000 -424026.0000 140252.0000 -326560.0000 38149.0000 -6607.0000 310358.0000 486462.0000 107717.0000 -395274.0000 144105.0000 244170.0000 -360929.0000 227137.0000 127939.0000 218515.0000 -8571.0000 
-428978.0000 -97495.0000 464832.0000 309853.0000 282595.0000 102430.0000 498271.0000 -162537.0000 -488301.0000 440196.0000 471629.0000 367120.0000 148544.0000 468318.0000 -162394.0000 224519.0000 -372932.0000 -470455.0000 281167.0000 -361040.0000 -141598.0000 267628.0000 246677.0000 481628.0000 430232.0000 -490655.0000 -379301.0000 157368.0000 -344217.0000 -142287.0000 -351203.0000 245306.0000 260218.0000 132128.0000 55158.0000 -438688.0000 253057.0000 -428073.0000 417275.0000 264756.0000 30623.0000 388903.0000 -349625.0000 -320834.0000 -124281.0000 -12019.0000 403685.0000 -478713.0000 -463975.0000 184851.0000 
-339753.0000 412928.0000 470979.0000 406925.0000 394555.0000 401210.0000 -65231.0000 33753.0000 -422923.0000 90553.0000 391467.0000 -274126.0000 -164142.0000 -329817.0000 -123499.0000 -90485.0000 249995.0000 -370442.0000 -18557.0000 167269.0000 -87187.0000 -487935.0000 56171.0000 63188.0000 -308769.0000 -49610.0000 69668.0000 113416.0000 -28323.0000 -375807.0000 316766.0000 131924.0000 -462880.0000 -193757.0000 -442653.0000 -49826.0000 225953.0000 -7883.0000 483928.0000 303030.0000 101169.0000 -106107.0000 47403.0000 437027.0000 64076.0000 -57597.0000 365041.0000 332571.0000 71961.0000 364983.0000 
-161.0000 3274.0000 377048.0000 74510.0000 -433539.0000 86779.0000 -475101.0000 136130.0000 218694.0000 -484925.0000 260323.0000 -446042.0000 -334502.0000 -184058.0000 -139798.0000 241346.0000 266116.0000 104654.0000 -266538.0000 250043.0000 426183.0000 -146870.0000 -356065.0000 -26415.0000 308656.0000 -273489.0000 -65513.0000 173696.0000 -440919.0000 24948.0000 38679.0000 58920.0000 -471779.0000 434226.0000 151929.0000 -405318.0000 -460497.0000 176828.0000 -250689.0000 258197.0000 -289598.0000 -490367.0000 -169345.0000 -124099.0000 -174425.0000 -290644.0000 -382754.0000 110191.0000 314010.0000 369208.0000 
-139767.0000 240192.0000 240837.0000 -477332.0000 232276.0000 49492.0000 267679.0000 185262.0000 -276813.0000 -154741.0000 -289791.0000 261866.0000 -77322.0000 -261570.0000 -285409.0000 -425393.0000 -166887.0000 -245906.0000 251435.0000 -399077.0000 30791.0000 -19663.0000 -389443.0000 361446.0000 -125263.0000 454632.0000 -429199.0000 -489518.0000 64822.0000 -96690.0000 379690.0000 -56445.0000 162001.0000 120526.0000 -33777.0000 -105724.0000 188517.0000 252401.0000 -420463.0000 411704.0000 -402341.0000 308247.0000 -307931.0000 20337.0000 -453324.0000 -93340.0000 94944.0000 398289.0000 -320747.0000 364879.0000 
499213.0000 210044.0000 -154785.0000 128269.0000 -410012.0000 -261549.0000 -398601.0000 179289.0000 -251067.0000 166222.0000 101098.0000 147122.0000 128276.0000 -236902.0000 286147.0000 112998.0000 -324127.0000 -25337.0000 -134602.0000 -244589.0000 -113634.0000 -36943.0000 -436343.0000 -403066.0000 1893.0000 128833.0000 -477907.0000 -403163.0000 27122.0000 -298653.0000 -19785.0000 26334.0000 -70110.0000 -156071.0000 173102.0000 -461622.0000 82380.0000 274501.0000 -263834.0000 331313.0000 459222.0000 337265.0000 -21566.0000 87497.0000 -399638.0000 283080.0000 -299506.0000 -223764.0000 -242258.0000 65892.0000 
-449854.0000 -337393.0000 47448.0000 132303.0000 278042.0000 67841.0000 -238865.0000 300135.0000 164678.0000 288257.0000 19981.0000 163392.0000 333090.0000 -31629.0000 -492680.0000 -475310.0000 6749.0000 -391801.0000 299192.0000 242915.0000 439512.0000 258413.0000 -401322.0000 436445.0000 -154090.0000 -300959.0000 -261977.0000 -435097.0000 -24723.0000 -4235.0000 -350705.0000 25423.0000 -323129.0000 -284758.0000 -342275.0000 454913.0000 283083.0000 437360.0000 255048.0000 466260.0000 -255884.0000 293528.0000 129651.0000 95705.0000 -238102.0000 -344530.0000 120396.0000 -212854.0000 -236331.0000 -80413.0000 
48561.0000 221680.0000 196499.0000 147239.0000 -323377.0000 -457592.0000 346280.0000 -85354.0000 125812.0000 340056.0000 410411.0000 275107.0000 383978.0000 -412718.0000 490349.0000 60202.0000 60694.0000 273432.0000 -2438.0000 -184259.0000 239691.0000 -239823.0000 127769.0000 387842.0000 355882.0000 389667.0000 -456689.0000 -23723.0000 195313.0000 -193019.0000 -85637.0000 -256127.0000 -471340.0000 -389138.0000 -90389.0000 -294716.0000 171770.0000 274391.0000 119930.0000 -202419.0000 -367055.0000 -451160.0000 -427313.0000 -483077.0000 154622.0000 81536.0000 -404376.0000 -284685.0000 373467.0000 93186.0000 
-450444.0000 -368344.0000 353363.0000 177325.0000 -480503.0000 -272256.0000 66991.0000 -437191.0000 204021.0000 280803.0000 388290.0000 -381616.0000 43175.0000 416950.0000 -270754.0000 452787.0000 140733.0000 401016.0000 -254324.0000 279163.0000 -301403.0000 -121379.0000 328003.0000 289784.0000 -104456.0000 -17376.0000 389819.0000 -8831.0000 -283562.0000 -218216.0000 102854.0000 -234006.0000 -86559.0000 474717.0000 443319.0000 451438.0000 -297540.0000 -471191.0000 32746.0000 406481.0000 309612.0000 -78965.0000 43364.0000 -147213.0000 356485.0000 272610.0000 324073.0000 -484284.0000 -307875.0000 -430252.0000 
294879.0000 409222.0000 -51631.0000 122881.0000 -282496.0000 343914.0000 124004.0000 -392677.0000 353582.0000 340443.0000 407607.0000 -43565.0000 -393564.0000 -178953.0000 -68849.0000 68255.0000 290985.0000 -347890.0000 97064.0000 -176270.0000 -441409.0000 -93325.0000 -236735.0000 101955.0000 -222039.0000 138249.0000 393065.0000 -397967.0000 153965.0000 103689.0000 -328219.0000 -51156.0000 12910.0000 120151.0000 -428276.0000 -251087.0000 482564.0000 -285772.0000 374736.0000 336145.0000 -445330.0000 282343.0000 311079.0000 179606.0000 121889.0000 260730.0000 -252140.0000 -87127.0000 412840.0000 344924.0000 
-244897.0000 -10070.0000 270099.0000 18368.0000 110385.0000 -451941.0000 -343384.0000 -478052.0000 168593.0000 -170920.0000 125637.0000 340374.0000 277924.0000 157046.0000 479024.0000 -131852.0000 405959.0000 -19914.0000 82376.0000 280695.0000 334730.0000 -344455.0000 -418464.0000 145809.0000 -146350.0000 203425.0000 425038.0000 101511.0000 -383702.0000 -143624.0000 464934.0000 -128599.0000 346307.0000 -246469.0000 -91732.0000 475191.0000 320091.0000 -416617.0000 497139.0000 -11317.0000 -87537.0000 -358726.0000 347556.0000 -309613.0000 -183181.0000 326580.0000 -422966.0000 -277223.0000 -193335.0000 -322091.0000 
21971.0000 -358605.0000 -166546.0000 103507.0000 -194297.0000 -294397.0000 -193068.0000 -269260.0000 307114.0000 441730.0000 -394385.0000 -209453.0000 331630.0000 451922.0000 44078.0000 258397.0000 -54389.0000 -135832.0000 341780.0000 -57251.0000 -128650.0000 272742.0000 -397478.0000 -281094.0000 -18372.0000 -80659.0000 63985.0000 58662.0000 142119.0000 -110851.0000 236571.0000 182589.0000 -450957.0000 88524.0000 -213904.0000 373246.0000 294128.0000 -388473.0000 122485.0000 -380260.0000 -446744.0000 228101.0000 -89713.0000 -96615.0000 180022.0000 -27135.0000 -338219.0000 -374367.0000 -144468.0000 -496440.0000 
-413119.0000 226883.0000 -205199.0000 207904.0000 -35712.0000 276430.0000 -372756.0000 -471728.0000 -164909.0000 -212138.0000 435921.0000 90162.0000 470452.0000 484965.0000 197185.0000 275047.0000 358210.0000 -8688.0000 386574.0000 -19305.0000 -370448.0000 -41671.0000 -291205.0000 -441662.0000 361714.0000 -92684.0000 31203.0000 -476506.0000 -448552.0000 386736.0000 45554.0000 156830.0000 -367883.0000 340355.0000 -135267.0000 96405.0000 -364717.0000 -489524.0000 -356824.0000 -29625.0000 -201661.0000 -420904.0000 79036.0000 287290.0000 82560.0000 -223780.0000 -419165.0000 -59230.0000 -213968.0000 -14092.0000 
-60036.0000 434084.0000 444237.0000 -332742.0000 492422.0000 -175551.0000 -406927.0000 23625.0000 366443.0000 163022.0000 428860.0000 430496.0000 338351.0000 79476.0000 -210651.0000 -296917.0000 194380.0000 -75367.0000 232059.0000 337556.0000 -86493.0000 48897.0000 -64849.0000 492543.0000 -163814.0000 -482289.0000 287262.0000 435521.0000 476981.0000 91793.0000 -78572.0000 435444.0000 25876.0000 384164.0000 -397299.0000 18298.0000 227112.0000 214274.0000 60422.0000 93554.0000 -122705.0000 -492220.0000 -457452.0000 -284355.0000 87256.0000 -168102.0000 437228.0000 -218365.0000 256531.0000 -312214.0000 
137690.0000 188537.0000 236683.0000 -427160.0000 -300422.0000 91369.0000 -409449.0000 5339.0000 26889.0000 -432469.0000 -402868.0000 448318.0000 -497026.0000 -358493.0000 -149020.0000 124175.0000 -321696.0000 -421908.0000 -161551.0000 -242775.0000 -309855.0000 -265757.0000 -234995.0000 -267306.0000 468389.0000 -129240.0000 64592.0000 -75885.0000 152395.0000 339622.0000 111901.0000 -209916.0000 28158.0000 367084.0000 381425.0000 227736.0000 -41548.0000 471976.0000 -266926.0000 485341.0000 58007.0000 348706.0000 -47843.0000 60981.0000 8713.0000 303138.0000 203656.0000 187017.0000 -100271.0000 60604.0000 
444243.0000 89874.0000 294847.0000 227747.0000 322568.0000 -218266.0000 -401493.0000 405659.0000 -275651.0000 -230599.0000 245280.0000 -145251.0000 -422015.0000 291937.0000 -278168.0000 459410.0000 -461829.0000 180284.0000 431385.0000 289746.0000 -315876.0000 -10609.0000 138451.0000 -345220.0000 68872.0000 165663.0000 -23583.0000 -227473.0000 -147320.0000 376146.0000 -148370.0000 315422.0000 -33980.0000 -353524.0000 43168.0000 307087.0000 446711.0000 -339826.0000 212746.0000 -328941.0000 -70424.0000 476525.0000 -455693.0000 7561.0000 268462.0000 -233860.0000 -33030.0000 -174868.0000 -35077.0000 416854.0000 
-385123.0000 -332454.0000 424745.0000 -228172.0000 -177673.0000 -6384.0000 437491.0000 298744.0000 -215358.0000 -209830.0000 -306611.0000 136272.0000 124091.0000 -322092.0000 -198753.0000 -332741.0000 484995.0000 266457.0000 345933.0000 197740.0000 -43985.0000 -224492.0000 174265.0000 323.0000 -198432.0000 461226.0000 266463.0000 268538.0000 -213643.0000 -268615.0000 -296109.0000 -98765.0000 -101068.0000 -371365.0000 173063.0000 -260242.0000 122251.0000 -370948.0000 57001.0000 -74608.0000 -80777.0000 250390.0000 -438337.0000 61813.0000 428298.0000 381410.0000 -252429.0000 413293.0000 147867.0000 -406496.0000 
-370469.0000 -396119.0000 -130988.0000 -177705.0000 104204.0000 -310920.0000 302020.0000 -129334.0000 -23883.0000 -411623.0000 -379449.0000 180008.0000 -491889.0000 -462018.0000 308643.0000 -300327.0000 296240.0000 449393.0000 -171275.0000 -146760.0000 -125216.0000 -233553.0000 122130.0000 454947.0000 328261.0000 50427.0000 336357.0000 -424169.0000 482219.0000 -497278.0000 -330665.0000 130250.0000 -393397.0000 -443153.0000 452545.0000 210808.0000 -254073.0000 -226936.0000 99973.0000 222044.0000 -138559.0000 -260977.0000 -97948.0000 388052.0000 295505.0000 229194.0000 -412276.0000 91744.0000 -302914.0000 -83551.0000 
-36516.0000 71870.0000 -298604.0000 -414387.0000 -454684.0000 -470344.0000 136040.0000 -99828.0000 -394513.0000 -363242.0000 -97106.0000 293323.0000 -214493.0000 9497.0000 350170.0000 256551.0000 238804.0000 -403904.0000 -470386.0000 357277.0000 -163361.0000 -108945.0000 114799.0000 -242810.0000 297606.0000 -89696.0000 486385.0000 385330.0000 20547.0000 -316530.0000 320279.0000 484031.0000 -226161.0000 -478326.0000 -430357.0000 337655.0000 69830.0000 -275817.0000 -262174.0000 175317.0000 -139059.0000 140720.0000 -31361.0000 146448.0000 168717.0000 337308.0000 -97002.0000 -92480.0000 -48097.0000 451113.0000 
283296.0000 288543.0000 -157833.0000 -101905.0000 64232.0000 158273.0000 308399.0000 -430885.0000 43602.0000 347445.0000 271085.0000 382380.0000 331476.0000 -455076.0000 -77447.0000 401119.0000 -98922.0000 492383.0000 -374699.0000 138905.0000 -313801.0000 -495259.0000 298124.0000 -326663.0000 -330312.0000 -33160.0000 -489355.0000 -408814.0000 -107140.0000 -37452.0000 -457702.0000 -323845.0000 269590.0000 402965.0000 74250.0000 -166178.0000 61237.0000 401148.0000 -97063.0000 123339.0000 248593.0000 192522.0000 5718.0000 -401433.0000 -244055.0000 -53229.0000 18185.0000 157023.0000 -60847.0000 143487.0000 
-204073.0000 125352.0000 -333273.0000 -405949.0000 298690.0000 354916.0000 -420610.0000 309335.0000 446102.0000 -27750.0000 290382.0000 6899.0000 148406.0000 -421529.0000 -90137.0000 241155.0000 -87707.0000 -10400.0000 -339198.0000 -166271.0000 -387062.0000 -72106.0000 -473750.0000 -362845.0000 26461.0000 -217805.0000 83926.0000 63145.0000 439219.0000 41579.0000 225131.0000 253645.0000 -333070.0000 391859.0000 -133805.0000 -15881.0000 -234727.0000 -54414.0000 311953.0000 -288626.0000 417836.0000 102335.0000 -263228.0000 -415260.0000 180806.0000 146635.0000 -155605.0000 111598.0000 154734.0000 -476304.0000 
445327.0000 -213829.0000 -48410.0000 -9923.0000 -76673.0000 -3450.0000 272272.0000 25752.0000 -440306.0000 -270011.0000 -432670.0000 284826.0000 2134.0000 252761.0000 -304817.0000 368329.0000 -263121.0000 -39544.0000 -186086.0000 -451168.0000 -309671.0000 250250.0000 -330334.0000 -72899.0000 334990.0000 -131029.0000 92235.0000 197884.0000 -932.0000 -253031.0000 221580.0000 462894.0000 33140.0000 191669.0000 -47030.0000 -25034.0000 -311782.0000 243742.0000 19218.0000 266413.0000 -7770.0000 86548.0000 -430263.0000 494364.0000 357808.0000 -235080.0000 362693.0000 -405313.0000 -256125.0000 195106.0000 
162019.0000 -65796.0000 -54645.0000 -149816.0000 361305.0000 298845.0000 -262346.0000 472039.0000 -3272.0000 236722.0000 -280993.0000 236808.0000 199615.0000 -229353.0000 -71524.0000 171085.0000 245613.0000 -364806.0000 -85174.0000 283330.0000 401607.0000 407056.0000 -130122.0000 471344.0000 -80081.0000 246185.0000 254763.0000 -217389.0000 340872.0000 17137.0000 477717.0000 -478611.0000 451341.0000 -76928.0000 390073.0000 -168856.0000 240416.0000 -372274.0000 -196818.0000 255643.0000 364448.0000 -459311.0000 -7550.0000 -417438.0000 -188664.0000 420927.0000 253647.0000 75448.0000 -443880.0000 -331528.0000 
-141222.0000 -23774.0000 94027.0000 -252845.0000 466069.0000 -486055.0000 493340.0000 -260670.0000 315056.0000 -147289.0000 256467.0000 292773.0000 -125900.0000 207807.0000 234344.0000 282673.0000 57450.0000 -25241.0000 410399.0000 360632.0000 -269599.0000 -206654.0000 -80180.0000 -258649.0000 -124092.0000 231156.0000 -337723.0000 -370446.0000 325104.0000 236897.0000 316526.0000 -316119.0000 231622.0000 -89448.0000 449536.0000 -283811.0000 442998.0000 -38626.0000 -44481.0000 258053.0000 314085.0000 230485.0000 -430676.0000 206685.0000 -61709.0000 303668.0000 -10643.0000 14240.0000 296926.0000 418255.0000 
393371.0000 45827.0000 -288400.0000 -186809.0000 287178.0000 87508.0000 -455654.0000 -32046.0000 -264439.0000 -112051.0000 223350.0000 -447914.0000 71830.0000 -45029.0000 481139.0000 -460136.0000 -310341.0000 424136.0000 1239.0000 145178.0000 -299313.0000 -184677.0000 -124338.0000 -229988.0000 40507.0000 -167548.0000 -426321.0000 -470137.0000 -134809.0000 -110895.0000 448119.0000 -241439.0000 434932.0000 178218.0000 71752.0000 -259392.0000 -234274.0000 -365402.0000 208562.0000 1287.0000 22547.0000 450411.0000 -428127.0000 112877.0000 423881.0000 -446989.0000 152741.0000 -386461.0000 477147.0000 172479.0000 
-222784.0000 -322167.0000 6302.0000 -328623.0000 -52155.0000 -453192.0000 3829.0000 -459976.0000 95172.0000 -112481.0000 -70871.0000 -438211.0000 146080.0000 382560.0000 240007.0000 236332.0000 -376833.0000 24232.0000 370930.0000 -149772.0000 44019.0000 411976.0000 -199362.0000 115892.0000 24852.0000 -275482.0000 168903.0000 196093.0000 356557.0000 -335452.0000 387071.0000 -366228.0000 -157619.0000 -106628.0000 -194851.0000 -191274.0000 458681.0000 -172523.0000 367250.0000 53852.0000 214996.0000 314878.0000 -365860.0000 379575.0000 197437.0000 374147.0000 115906.0000 -160897.0000 -101621.0000 -494666.0000 
-292170.0000 442398.0000 417311.0000 8468.0000 58289.0000 460662.0000 -248515.0000 245691.0000 156754.0000 126541.0000 410239.0000 -437676.0000 260313.0000 271119.0000 -44304.0000 83961.0000 -420156.0000 -85624.0000 411438.0000 -34407.0000 -13273.0000 -355068.0000 -219530.0000 120867.0000 43006.0000 -3594.0000 -486487.0000 -341088.0000 -145992.0000 430392.0000 182746.0000 61838.0000 372789.0000 100056.0000 88805.0000 449577.0000 60718.0000 -141211.0000 -286234.0000 235971.0000 485330.0000 -375996.0000 298295.0000 245642.0000 395123.0000 272491.0000 348102.0000 -6533.0000 205366.0000 -221962.0000 
-22441.0000 210593.0000 -77030.0000 258030.0000 -168541.0000 -15524.0000 272935.0000 -155028.0000 -338113.0000 -373057.0000 -224637.0000 344633.0000 -292720.0000 166651.0000 -55311.0000 296086.0000 -365274.0000 23906.0000 -345126.0000 -151508.0000 278376.0000 -359796.0000 -27504.0000 76671.0000 -95655.0000 386119.0000 367661.0000 -247553.0000 398085.0000 73026.0000 30485.0000 -124357.0000 302118.0000 453456.0000 152172.0000 -366423.0000 456431.0000 -74893.0000 497049.0000 -381683.0000 -429451.0000 290912.0000 462950.0000 -222171.0000 476062.0000 426138.0000 -426086.0000 -389212.0000 -49957.0000 -271211.0000 
477780.0000 -271581.0000 387493.0000 468776.0000 -176411.0000 -208163.0000 354894.0000 209749.0000 44284.0000 -228523.0000 301274.0000 -425231.0000 147120.0000 103392.0000 46724.0000 -200708.0000 236969.0000 3154.0000 -257102.0000 -247484.0000 121471.0000 -186553.0000 -456573.0000 84420.0000 -390225.0000 37989.0000 10558.0000 -316310.0000 148777.0000 -20900.0000 430979.0000 126556.0000 207519.0000 318471.0000 -386170.0000 49607.0000 128807.0000 468724.0000 -240645.0000 -326909.0000 258700.0000 -439371.0000 -252140.0000 -94180.0000 164021.0000 -186917.0000 -276389.0000 419489.0000 316237.0000 485009.0000 
-327996.0000 456207.0000 316955.0000 233932.0000 -440875.0000 426730.0000 -228080.0000 -411818.0000 128919.0000 -60804.0000 67283.0000 -421604.0000 84251.0000 293301.0000 -84634.0000 198082.0000 -157092.0000 -455827.0000 -314696.0000 -379238.0000 -282736.0000 444005.0000 199891.0000 483624.0000 368324.0000 -136089.0000 -203294.0000 -408066.0000 301899.0000 131442.0000 95442.0000 -7597.0000 87648.0000 -87604.0000 244834.0000 146773.0000 357625.0000 -483247.0000 234956.0000 -494957.0000 474449.0000 -197762.0000 -416561.0000 58699.0000 114038.0000 -1194.0000 -243220.0000 -24555.0000 -438522.0000 460585.0000 
96208.0000 297242.0000 404589.0000 -203902.0000 280865.0000 272912.0000 -321491.0000 96070.0000 -116655.0000 -1093.0000 -272489.0000 478787.0000 491310.0000 -166342.0000 409682.0000 236143.0000 480431.0000 267306.0000 -228605.0000 -266115.0000 -209152.0000 -254157.0000 -445378.0000 -125712.0000 -176958.0000 168661.0000 -108407.0000 -401679.0000 -355895.0000 -46929.0000 -441095.0000 -241188.0000 -249688.0000 463494.0000 -426590.0000 49676.0000 -245096.0000 270419.0000 -354255.0000 138249.0000 -230675.0000 391756.0000 -364466.0000 -239365.0000 -274587.0000 -454785.0000 15277.0000 224343.0000 -168979.0000 286673.0000 
-23272.0000 -359632.0000 51015.0000 31350.0000 14656.0000 374057.0000 218510.0000 406249.0000 472379.0000 -118885.0000 377819.0000 -468717.0000 139927.0000 146630.0000 13277.0000 -268164.0000 -303695.0000 268181.0000 -497746.0000 360550.0000 -93570.0000 -228420.0000 252305.0000 -439537.0000 -449286.0000 -3783.0000 124179.0000 -415510.0000 239060.0000 -26301.0000 371163.0000 -284213.0000 114067.0000 440678.0000 247137.0000 -371277.0000 314734.0000 484147.0000 53471.0000 -194389.0000 -134739.0000 449790.0000 -163105.0000 23687.0000 96419.0000 350172.0000 255524.0000 -188776.0000 -363149.0000 257778.0000 
-328227.0000 -438220.0000 47857.0000 -57422.0000 -377756.0000 -382930.0000 -42706.0000 246423.0000 -298439.0000 -303647.0000 -279879.0000 91223.0000 430640.0000 -147313.0000 31900.0000 -303724.0000 499910.0000 365134.0000 -319578.0000 -428120.0000 -329256.0000 45683.0000 -478331.0000 -473862.0000 -430631.0000 -363413.0000 -105191.0000 324893.0000 -52189.0000 31661.0000 -398830.0000 -361916.0000 93441.0000 -332474.0000 80662.0000 215685.0000 303097.0000 56455.0000 480607.0000 23157.0000 -228692.0000 219227.0000 132879.0000 -298053.0000 -428086.0000 183279.0000 -101777.0000 90323.0000 48412.0000 78645.0000 
162203.0000 -262345.0000 -375673.0000 -297629.0000 -236206.0000 -306303.0000 -161041.0000 -322898.0000 37089.0000 -194731.0000 208763.0000 138259.0000 -56647.0000 -197796.0000 -175715.0000 42514.0000 36388.0000 -372619.0000 -401031.0000 -464506.0000 -330963.0000 -129723.0000 254721.0000 301916.0000 72224.0000 -154866.0000 -14806.0000 -11053.0000 435458.0000 52105.0000 -432409.0000 -383841.0000 289761.0000 -308081.0000 -181469.0000 72054.0000 404116.0000 157490.0000 249156.0000 -58796.0000 -18742.0000 -42081.0000 97963.0000 424612.0000 -221378.0000 -59253.0000 485625.0000 -166491.0000 -413373.0000 -415407.0000 
387503.0000 -244336.0000 473370.0000 142224.0000 76079.0000 -435907.0000 5857.0000 -438727.0000 53040.0000 459814.0000 113378.0000 120631.0000 -424027.0000 421638.0000 -168951.0000 -105496.0000 -6309.0000 253664.0000 70493.0000 -257153.0000 -305132.0000 -448250.0000 -280735.0000 -188670.0000 -5139.0000 -483614.0000 -229424.0000 -19514.0000 368395.0000 -142797.0000 -416422.0000 255898.0000 -368634.0000 -443052.0000 416621.0000 207445.0000 139541.0000 -77523.0000 268718.0000 -307420.0000 -117709.0000 400596.0000 -168290.0000 476764.0000 322233.0000 -318741.0000 389767.0000 -184076.0000 434923.0000 -39741.0000 
-422730.0000 148290.0000 -469492.0000 315035.0000 -21881.0000 25370.0000 -150080.0000 248695.0000 -494145.0000 -281686.0000 -394103.0000 -410567.0000 474212.0000 255763.0000 164881.0000 -90669.0000 -36792.0000 -195579.0000 -149692.0000 250425.0000 -484500.0000 -248902.0000 151020.0000 -152789.0000 -272139.0000 -26747.0000 -453031.0000 -382373.0000 -192324.0000 481892.0000 -403615.0000 -115054.0000 130182.0000 -373107.0000 -300020.0000 126800.0000 152263.0000 -431601.0000 -124505.0000 -323383.0000 -213287.0000 499892.0000 284551.0000 279425.0000 255655.0000 -50569.0000 -311245.0000 237362.0000 253853.0000 39063.0000 
-12214.0000 269353.0000 290161.0000 -361194.0000 135063.0000 36521.0000 -369442.0000 182032.0000 154148.0000 -61766.0000 -317577.0000 -230968.0000 -158321.0000 312605.0000 -104074.0000 -439842.0000 457904.0000 66688.0000 -371443.0000 -166602.0000 243306.0000 -84730.0000 351790.0000 27856.0000 213194.0000 107444.0000 477287.0000 -79551.0000 363305.0000 -250362.0000 459512.0000 -148910.0000 37491.0000 -231828.0000 -10104.0000 -327447.0000 -176808.0000 -361047.0000 -126915.0000 -4160.0000 77187.0000 55508.0000 264872.0000 418866.0000 386612.0000 179297.0000 479024.0000 344515.0000 -254015.0000 -392420.0000 
196413.0000 7790.0000 -458650.0000 48202.0000 -464355.0000 254544.0000 174145.0000 31431.0000 -325008.0000 37449.0000 -200431.0000 153004.0000 388539.0000 337060.0000 -60325.0000 396935.0000 28112.0000 262867.0000 -464113.0000 401197.0000 -241294.0000 113075.0000 475204.0000 42078.0000 -449561.0000 361815.0000 -278626.0000 -470537.0000 -275171.0000 -32641.0000 155543.0000 421242.0000 475149.0000 196893.0000 487943.0000 29293.0000 469937.0000 162087.0000 79224.0000 -355072.0000 -300465.0000 378793.0000 -183569.0000 106573.0000 -265649.0000 256106.0000 3507.0000 262463.0000 18973.0000 -442106.0000 
-317841.0000 -203822.0000 -310532.0000 175862.0000 338256.0000 -260093.0000 37677.0000 -440370.0000 287870.0000 -218995.0000 -454512.0000 461913.0000 -297754.0000 -479363.0000 -322696.0000 -309812.0000 -431571.0000 -352760.0000 -129226.0000 147653.0000 310669.0000 70309.0000 26445.0000 -372901.0000 195381.0000 260796.0000 383206.0000 -301112.0000 -458242.0000 420678.0000 275282.0000 242417.0000 235355.0000 464750.0000 -81722.0000 73611.0000 223156.0000 -25546.0000 -348260.0000 11026.0000 255459.0000 -302772.0000 -27062.0000 -23796.0000 236365.0000 150242.0000 -315109.0000 304795.0000 -184018.0000 55665.0000 
-47553.0000 -373350.0000 144473.0000 -2608.0000 -246251.0000 -160146.0000 276687.0000 155454.0000 -442759.0000 318445.0000 76131.0000 332523.0000 -420640.0000 -188514.0000 -184229.0000 -2361.0000 -96404.0000 -461074.0000 472093.0000 55336.0000 49952.0000 -253949.0000 -228937.0000 41389.0000 222255.0000 25928.0000 210131.0000 407147.0000 -169278.0000 -473888.0000 -37189.0000 -198332.0000 -347238.0000 125784.0000 -182441.0000 -93489.0000 465638.0000 -405754.0000 -438035.0000 -477122.0000 -68810.0000 -343405.0000 -126100.0000 10551.0000 486581.0000 189671.0000 -491811.0000 -109824.0000 228597.0000 -1219.0000 
445512.0000 297049.0000 244832.0000 235075.0000 -161563.0000 -32913.0000 -238998.0000 -451433.0000 392733.0000 -389777.0000 93179.0000 374043.0000 -88109.0000 245941.0000 -174.0000 229451.0000 170952.0000 -34537.0000 -157804.0000 -248584.0000 -493160.0000 273386.0000 -91989.0000 399240.0000 -216064.0000 -105408.0000 88910.0000 310625.0000 284768.0000 336007.0000 -190594.0000 -251221.0000 133055.0000 -445763.0000 2353.0000 -10009.0000 -460177.0000 263355.0000 -442942.0000 432556.0000 373578.0000 150237.0000 306599.0000 303968.0000 414678.0000 324924.0000 -448083.0000 85629.0000 -209613.0000 -105887.0000 
337045.0000 315727.0000 185999.0000 263555.0000 214967.0000 -11566.0000 -341854.0000 322376.0000 -200941.0000 -38586.0000 158382.0000 -373036.0000 -271308.0000 309936.0000 199701.0000 231045.0000 318427.0000 -241976.0000 -5601.0000 375485.0000 -309421.0000 386476.0000 -455780.0000 15677.0000 -291058.0000 458898.0000 359101.0000 -239140.0000 44526.0000 167987.0000 -326528.0000 400070.0000 -16287.0000 359471.0000 163625.0000 217179.0000 -152095.0000 -159730.0000 39555.0000 -334537.0000 301684.0000 216436.0000 310927.0000 48875.0000 26372.0000 10627.0000 -220081.0000 -155202.0000 268651.0000 -207183.0000 
238782.0000 -22270.0000 197792.0000 283002.0000 11906.0000 406735.0000 -239601.0000 389506.0000 -332406.0000 304925.0000 57492.0000 -158934.0000 -276506.0000 -458795.0000 219037.0000 -94382.0000 -223117.0000 85441.0000 245888.0000 316438.0000 -230597.0000 -433929.0000 32874.0000 -419671.0000 114946.0000 77745.0000 -390545.0000 -86635.0000 -58958.0000 -103394.0000 206182.0000 -320177.0000 -107165.0000 -96026.0000 -18676.0000 -76760.0000 329208.0000 241723.0000 -187254.0000 496802.0000 -434853.0000 370238.0000 356367.0000 -211359.0000 -70058.0000 -406098.0000 194259.0000 206826.0000 179343.0000 458646.0000 
-458238.0000 -32755.0000 -475284.0000 -406865.0000 47574.0000 -341838.0000 170880.0000 -324471.0000 71527.0000 130421.0000 72135.0000 -222292.0000 310244.0000 -16531.0000 -299819.0000 -208432.0000 406709.0000 -470612.0000 -466710.0000 -280546.0000 44689.0000 -401563.0000 108192.0000 419556.0000 405578.0000 -461867.0000 -486543.0000 -381665.0000 -236542.0000 -288700.0000 -423019.0000 -194779.0000 178545.0000 -398303.0000 -101644.0000 244619.0000 -240141.0000 87736.0000 420148.0000 331386.0000 -281844.0000 -489219.0000 127594.0000 46900.0000 -5750.0000 -153726.0000 -143033.0000 419458.0000 394163.0000 408757.0000 
-361088.0000 457351.0000 25694.0000 -234397.0000 -104595.0000 -68729.0000 322236.0000 427363.0000 49607.0000 -414306.0000 -361338.0000 -354913.0000 409415.0000 -164294.0000 -253216.0000 326270.0000 -419676.0000 -474857.0000 -85995.0000 18971.0000 -124972.0000 -349339.0000 29752.0000 21121.0000 -283940.0000 42501.0000 -114105.0000 73027.0000 -38041.0000 -219943.0000 -18217.0000 -380630.0000 255907.0000 -492524.0000 -115027.0000 -348688.0000 457248.0000 -292792.0000 -421326.0000 -474647.0000 311402.0000 235836.0000 -329560.0000 -260685.0000 -428459.0000 435724.0000 -434415.0000 170366.0000 460867.0000 498090.0000 
-310664.0000 354395.0000 -351250.0000 -262412.0000 -124485.0000 383310.0000 -201412.0000 261410.0000 -43664.0000 260547.0000 59966.0000 -43381.0000 379917.0000 -184127.0000 -35905.0000 283389.0000 485685.0000 439842.0000 9097.0000 -435642.0000 465195.0000 338998.0000 300194.0000 154134.0000 -421687.0000 -109766.0000 89858.0000 -356102.0000 -439401.0000 50724.0000 -358013.0000 268436.0000 -94882.0000 309238.0000 24523.0000 -200867.0000 192547.0000 323111.0000 -439458.0000 167383.0000 83658.0000 -360992.0000 -375999.0000 482074.0000 -45119.0000 88096.0000 265463.0000 -59435.0000 -453563.0000 293059.0000 
-476578.0000 -488369.0000 132056.0000 -157885.0000 -315735.0000 210369.0000 232349.0000 274123.0000 354267.0000 -188552.0000 -175154.0000 14754.0000 -420117.0000 -251536.0000 -176009.0000 -377095.0000 -433904.0000 35037.0000 446016.0000 145138.0000 -297581.0000 -451828.0000 284146.0000 -173580.0000 48746.0000 257526.0000 -66984.0000 -185792.0000 216590.0000 -20547.0000 -392734.0000 240012.0000 -490417.0000 239322.0000 -417874.0000 -306152.0000 468191.0000 314476.0000 467971.0000 322457.0000 -374077.0000 311317.0000 -162790.0000 224306.0000 78280.0000 -320300.0000 347211.0000 -337125.0000 -266763.0000 -188275.0000 
308013.0000 -64344.0000 378398.0000 92159.0000 -219424.0000 -72857.0000 368184.0000 -267909.0000 241351.0000 84774.0000 211544.0000 -132884.0000 -175215.0000 -260374.0000 124937.0000 425412.0000 451975.0000 93127.0000 239887.0000 -61556.0000 434084.0000 -115691.0000 268260.0000 289793.0000 127114.0000 365039.0000 -12007.0000 492824.0000 -472087.0000 221230.0000 -195452.0000 335927.0000 175385.0000 -317055.0000 446585.0000 -25540.0000 110088.0000 314768.0000 206551.0000 369938.0000 -100459.0000 436594.0000 255553.0000 -257174.0000 -323780.0000 398990.0000 -331763.0000 146694.0000 -7884.0000 -73377.0000 
103637.0000 444699.0000 -170569.0000 -128103.0000 234492.0000 456545.0000 -263065.0000 -277516.0000 449368.0000 283349.0000 -37787.0000 272415.0000 119275.0000 -362403.0000 -26140.0000 -415642.0000 -369443.0000 102447.0000 -82375.0000 337108.0000 -27615.0000 -164334.0000 273702.0000 246437.0000 78492.0000 -31579.0000 145426.0000 -234772.0000 -384886.0000 156042.0000 191851.0000 218751.0000 100740.0000 39781.0000 109147.0000 353731.0000 -3675.0000 -135418.0000 94714.0000 464192.0000 -352070.0000 -443074.0000 -244895.0000 -214296.0000 213024.0000 228965.0000 -129938.0000 343581.0000 -168588.0000 -193814.0000 
180688.0000 -177704.0000 141852.0000 472889.0000 87232.0000 -279657.0000 -58691.0000 -267342.0000 -495930.0000 -425078.0000 -92801.0000 195921.0000 293674.0000 26438.0000 254201.0000 421320.0000 -119831.0000 269025.0000 -214099.0000 474883.0000 233216.0000 -66169.0000 50309.0000 488322.0000 -261966.0000 281832.0000 -264215.0000 108096.0000 125412.0000 67197.0000 414283.0000 324599.0000 -92008.0000 56134.0000 297488.0000 495225.0000 -205023.0000 257296.0000 246382.0000 -200953.0000 332219.0000 -346420.0000 13468.0000 -355609.0000 180018.0000 -232332.0000 -434290.0000 78686.0000 -463307.0000 -148388.0000 
53569.0000 -211592.0000 -196058.0000 122377.0000 295229.0000 41977.0000 -95792.0000 -468986.0000 168572.0000 48119.0000 -383290.0000 -398647.0000 -127283.0000 -456798.0000 -324013.0000 188704.0000 -461574.0000 489464.0000 -54000.0000 -196693.0000 -211490.0000 -221782.0000 -43113.0000 -179523.0000 441109.0000 155404.0000 -393355.0000 -493182.0000 -265910.0000 -356662.0000 376930.0000 -193842.0000 450246.0000 199372.0000 428535.0000 -236026.0000 259848.0000 351242.0000 -205012.0000 -71581.0000 -100640.0000 430198.0000 -451728.0000 -209424.0000 -8101.0000 242759.0000 479281.0000 -451176.0000 232222.0000 -74720.0000 
-147869.0000 39231.0000 -278003.0000 -172483.0000 359709.0000 181605.0000 482922.0000 466354.0000 188423.0000 -282989.0000 128191.0000 -416148.0000 -458332.0000 -403065.0000 -198277.0000 -11298.0000 -139091.0000 -438430.0000 -160057.0000 -325604.0000 -491512.0000 -242198.0000 123094.0000 -443240.0000 48378.0000 -385008.0000 299519.0000 27658.0000 -336183.0000 31740.0000 -28563.0000 -465553.0000 89471.0000 -288067.0000 -138035.0000 -50821.0000 393538.0000 -155114.0000 434032.0000 -399540.0000 -419604.0000 62222.0000 202812.0000 -377936.0000 159157.0000 -495466.0000 -370735.0000 38566.0000 -433896.0000 -30792.0000 
212962.0000 -425408.0000 -254491.0000 -163945.0000 149853.0000 293887.0000 469548.0000 467871.0000 340045.0000 -366636.0000 -481890.0000 -188519.0000 -332189.0000 107581.0000 -458086.0000 -451725.0000 -443241.0000 -46049.0000 -106839.0000 490791.0000 54411.0000 492057.0000 -428489.0000 -242778.0000 -385880.0000 -250833.0000 -238244.0000 -256615.0000 287733.0000 -172140.0000 -268908.0000 -480806.0000 420953.0000 -23399.0000 -144751.0000 70805.0000 288988.0000 -175204.0000 38675.0000 129032.0000 476660.0000 56785.0000 -40988.0000 162971.0000 182865.0000 926.0000 211246.0000 239624.0000 454878.0000 122907.0000 
-251087.0000 -472213.0000 114963.0000 -179576.0000 -214990.0000 229084.0000 -411909.0000 -434735.0000 -9032.0000 375824.0000 411626.0000 -259440.0000 395018.0000 332578.0000 -264340.0000 268767.0000 421882.0000 -475353.0000 -406438.0000 479056.0000 153679.0000 88722.0000 -445660.0000 -387309.0000 -248308.0000 237205.0000 -367884.0000 -18563.0000 495329.0000 105493.0000 -395657.0000 -255759.0000 133281.0000 219307.0000 -416835.0000 -63210.0000 466890.0000 -328744.0000 2055.0000 -42143.0000 65579.0000 -86320.0000 -283084.0000 -39403.0000 264757.0000 -47423.0000 247863.0000 186638.0000 -22776.0000 -140076.0000 
-315807.0000 149403.0000 448646.0000 257033.0000 -219407.0000 218837.0000 -5763.0000 -87291.0000 -299726.0000 -491936.0000 36702.0000 -195383.0000 -247694.0000 -330018.0000 -476077.0000 -164529.0000 106772.0000 490813.0000 -474774.0000 -391174.0000 467170.0000 90805.0000 -458994.0000 202585.0000 -448599.0000 305763.0000 -344839.0000 -182237.0000 -489100.0000 -349115.0000 177688.0000 213593.0000 -181213.0000 126333.0000 -29375.0000 99380.0000 363670.0000 -16639.0000 30588.0000 -436057.0000 -8574.0000 -432711.0000 -131440.0000 -237769.0000 255771.0000 410984.0000 -383799.0000 -137458.0000 -79705.0000 -358573.0000 
489869.0000 405964.0000 232232.0000 -469126.0000 108549.0000 -197867.0000 -144864.0000 263710.0000 119896.0000 384536.0000 -66906.0000 -202417.0000 98128.0000 251881.0000 -57584.0000 87252.0000 369760.0000 -193915.0000 -429387.0000 418848.0000 388528.0000 -419462.0000 486137.0000 275587.0000 -157231.0000 -239593.0000 186570.0000 -41030.0000 -358552.0000 125365.0000 -381104.0000 -368684.0000 31328.0000 351128.0000 180690.0000 158376.0000 171760.0000 54326.0000 440586.0000 -208344.0000 -61139.0000 -126321.0000 -392262.0000 -463011.0000 144060.0000 -431347.0000 -357260.0000 13819.0000 393238.0000 -286647.0000 
451166.0000 281765.0000 312391.0000 -44198.0000 57352.0000 -344841.0000 216209.0000 262421.0000 -367372.0000 357657.0000 -112215.0000 -248476.0000 7473.0000 -62387.0000 121152.0000 -311838.0000 -404012.0000 -207089.0000 -239013.0000 -463427.0000 -396934.0000 199849.0000 428753.0000 229305.0000 -244663.0000 72812.0000 297958.0000 -101923.0000 105130.0000 191196.0000 -370070.0000 -425205.0000 -27040.0000 442321.0000 30597.0000 48811.0000 115980.0000 -253195.0000 -188768.0000 248608.0000 122961.0000 -282484.0000 18632.0000 -369567.0000 -326372.0000 -360217.0000 337096.0000 288117.0000 451194.0000 -401918.0000 
324690.0000 -445740.0000 297931.0000 -228059.0000 283565.0000 71767.0000 -136748.0000 -399979.0000 -11656.0000 -13118.0000 291217.0000 118274.0000 61677.0000 282677.0000 60594.0000 -407727.0000 -168513.0000 -323427.0000 357578.0000 -338782.0000 -56319.0000 -19462.0000 -121265.0000 462313.0000 -370529.0000 -429138.0000 120595.0000 466567.0000 358979.0000 -409713.0000 -435352.0000 -297832.0000 163047.0000 -118921.0000 -25891.0000 465111.0000 452846.0000 337362.0000 -434868.0000 459689.0000 342743.0000 -125152.0000 77962.0000 422919.0000 -342476.0000 157056.0000 -484809.0000 -492489.0000 -147872.0000 -108732.0000 
-331271.0000 295809.0000 -109695.0000 -434037.0000 -223380.0000 19776.0000 -363174.0000 -84286.0000 -13658.0000 495805.0000 -475499.0000 -430510.0000 -302028.0000 187548.0000 469069.0000 172082.0000 152659.0000 -59587.0000 -472058.0000 217791.0000 -99898.0000 -110816.0000 -407362.0000 478064.0000 -187898.0000 268663.0000 -346382.0000 345793.0000 276174.0000 5747.0000 -262940.0000 -36598.0000 320055.0000 -354136.0000 29366.0000 115175.0000 165641.0000 -315309.0000 49388.0000 170482.0000 -319505.0000 73889.0000 -241529.0000 -121532.0000 -238563.0000 -272461.0000 69049.0000 414096.0000 167953.0000 -384510.0000 
-349615.0000 -431946.0000 4674.0000 261523.0000 64617.0000 316776.0000 -451316.0000 218236.0000 -318933.0000 -156643.0000 242482.0000 -81873.0000 306760.0000 62536.0000 -417510.0000 354625.0000 196210.0000 248131.0000 -460685.0000 -254402.0000 437113.0000 -280190.0000 -162014.0000 -304417.0000 -383223.0000 99423.0000 441623.0000 -295675.0000 -467983.0000 109575.0000 -180185.0000 200902.0000 -303872.0000 -157012.0000 480925.0000 260745.0000 178263.0000 -470392.0000 497480.0000 359330.0000 -127034.0000 239961.0000 295956.0000 198225.0000 320997.0000 378447.0000 -428652.0000 -464295.0000 -354924.0000 -389337.0000 
-218697.0000 100688.0000 348973.0000 119290.0000 -185229.0000 -15750.0000 237212.0000 -243607.0000 188575.0000 -212271.0000 -115533.0000 26890.0000 488631.0000 80595.0000 -111623.0000 -11946.0000 359839.0000 -433360.0000 17663.0000 357319.0000 -55531.0000 -90872.0000 -384222.0000 258925.0000 125852.0000 436775.0000 -344130.0000 197200.0000 472481.0000 -199054.0000 307863.0000 272283.0000 -79866.0000 -324666.0000 410072.0000 234905.0000 159584.0000 -334217.0000 9797.0000 366659.0000 -46488.0000 394264.0000 -106452.0000 460642.0000 -25142.0000 281925.0000 -51304.0000 353196.0000 -132936.0000 -15142.0000 
210514.0000 -169967.0000 -87515.0000 -155208.0000 -411043.0000 -461664.0000 -218434.0000 -255173.0000 235536.0000 272546.0000 -435728.0000 -438103.0000 -436672.0000 -15594.0000 -262769.0000 -8101.0000 237810.0000 396816.0000 -323819.0000 -252394.0000 263474.0000 -351808.0000 -358131.0000 175521.0000 -391166.0000 -364774.0000 475945.0000 -423971.0000 6922.0000 -156991.0000 -420614.0000 -282565.0000 -308459.0000 -8129.0000 62227.0000 -219502.0000 30207.0000 -137707.0000 -456176.0000 -234258.0000 153338.0000 126596.0000 -172361.0000 -264835.0000 129502.0000 -416631.0000 -254436.0000 -132689.0000 -1316.0000 -78255.0000 
-366583.0000 280657.0000 69938.0000 293786.0000 -43823.0000 -302729.0000 -52488.0000 -67878.0000 291800.0000 454434.0000 -206370.0000 371186.0000 190368.0000 -496330.0000 -136944.0000 -247405.0000 -215832.0000 -88238.0000 -366613.0000 346492.0000 177504.0000 -194776.0000 -26913.0000 23642.0000 -441111.0000 -397412.0000 -374490.0000 -195547.0000 488400.0000 124195.0000 -255303.0000 -378184.0000 -95149.0000 314635.0000 415602.0000 361029.0000 30405.0000 -136887.0000 311650.0000 -177796.0000 -182454.0000 123779.0000 -306611.0000 -492086.0000 127449.0000 -425056.0000 279009.0000 -69884.0000 -13294.0000 -69105.0000 
-223393.0000 182709.0000 -245382.0000 -231807.0000 224850.0000 332007.0000 -129218.0000 350361.0000 -363541.0000 -140819.0000 -25445.0000 399657.0000 499497.0000 379406.0000 214291.0000 415098.0000 -241067.0000 263196.0000 296711.0000 -429418.0000 -414601.0000 132756.0000 -287140.0000 297289.0000 140670.0000 340309.0000 372233.0000 438178.0000 288924.0000 -141061.0000 387572.0000 -434470.0000 60147.0000 -357810.0000 352224.0000 -215003.0000 474197.0000 -276995.0000 -364643.0000 129156.0000 -399315.0000 109912.0000 28812.0000 -399819.0000 -492184.0000 261602.0000 33778.0000 -233250.0000 24797.0000 -169512.0000 
-162668.0000 -371304.0000 463245.0000 -431308.0000 425985.0000 -377587.0000 409001.0000 298217.0000 79091.0000 -283576.0000 175655.0000 -33338.0000 -218046.0000 -264198.0000 -372649.0000 -365823.0000 -460702.0000 -398452.0000 375682.0000 -325345.0000 -250797.0000 -5134.0000 -196934.0000 -203486.0000 -386454.0000 -189118.0000 -441885.0000 147325.0000 77632.0000 -398588.0000 -3688.0000 -66536.0000 -269892.0000 478056.0000 2156.0000 174592.0000 118969.0000 429656.0000 -27192.0000 -301941.0000 -353921.0000 166963.0000 164721.0000 446534.0000 -78736.0000 292073.0000 99210.0000 -39438.0000 -87880.0000 493392.0000 
-346284.0000 -320178.0000 -11743.0000 475282.0000 -23664.0000 101804.0000 -213837.0000 -447050.0000 267628.0000 -117705.0000 172862.0000 -236061.0000 -165742.0000 402970.0000 260495.0000 -145087.0000 77561.0000 -120537.0000 303068.0000 68869.0000 77522.0000 -32353.0000 -264169.0000 260742.0000 432680.0000 -324406.0000 -428687.0000 31889.0000 -345345.0000 -16567.0000 -456221.0000 -191629.0000 -318246.0000 -449464.0000 -216348.0000 158090.0000 152340.0000 -411686.0000 211041.0000 438467.0000 489109.0000 -116098.0000 -297595.0000 -176634.0000 305372.0000 462900.0000 -303222.0000 401432.0000 360862.0000 499847.0000 
488800.0000 -61617.0000 -32507.0000 243130.0000 -300875.0000 418672.0000 418724.0000 -229562.0000 -49440.0000 -426622.0000 -227629.0000 -487161.0000 400249.0000 -45875.0000 -436625.0000 -316100.0000 130715.0000 -265786.0000 290715.0000 360255.0000 -327320.0000 279823.0000 262656.0000 393585.0000 121689.0000 68027.0000 356485.0000 -163034.0000 487959.0000 -264155.0000 -163188.0000 476758.0000 174229.0000 -177196.0000 219888.0000 -108147.0000 -258525.0000 -342890.0000 -319210.0000 -289465.0000 248989.0000 -46839.0000 -276626.0000 149237.0000 -74214.0000 305249.0000 -148363.0000 -443500.0000 -460538.0000 -357649.0000 
416755.0000 -287858.0000 -59327.0000 179410.0000 -394274.0000 80861.0000 265937.0000 -19290.0000 417828.0000 -227606.0000 216556.0000 273139.0000 -250849.0000 -109216.0000 -404057.0000 -12462.0000 -198864.0000 355918.0000 -336852.0000 -18074.0000 84952.0000 412137.0000 -46413.0000 -173175.0000 61373.0000 379373.0000 -367927.0000 413010.0000 -45628.0000 190035.0000 73860.0000 -128874.0000 402177.0000 -485467.0000 69035.0000 -492097.0000 95394.0000 -165029.0000 -492888.0000 13221.0000 -374136.0000 223668.0000 -213640.0000 -124984.0000 132951.0000 400803.0000 -118947.0000 434087.0000 -224781.0000 44201.0000 
434513.0000 -121329.0000 -43663.0000 -111901.0000 205496.0000 36210.0000 -232529.0000 -143931.0000 -50781.0000 221843.0000 -453897.0000 -476921.0000 111468.0000 -33220.0000 56112.0000 -319498.0000 493183.0000 -348495.0000 -466027.0000 -499706.0000 -316774.0000 -340163.0000 -257538.0000 -30414.0000 -446648.0000 -106088.0000 388888.0000 452906.0000 346499.0000 182606.0000 -2894.0000 281011.0000 -438724.0000 -28057.0000 -330891.0000 -214728.0000 26652.0000 455080.0000 141341.0000 475871.0000 -304579.0000 -294057.0000 17449.0000 306889.0000 172723.0000 -426440.0000 5890.0000 -315596.0000 243566.0000 -441638.0000 
-315301.0000 426792.0000 236700.0000 -72839.0000 414877.0000 290052.0000 -160428.0000 -177737.0000 -238544.0000 -313930.0000 -495132.0000 258563.0000 467081.0000 -433855.0000 249005.0000 -363811.0000 -148583.0000 -224344.0000 109768.0000 11257.0000 270026.0000 305189.0000 -264301.0000 305975.0000 112077.0000 408423.0000 -101966.0000 136467.0000 -407174.0000 -358401.0000 194829.0000 296025.0000 86890.0000 -68472.0000 241685.0000 -479735.0000 240080.0000 -418743.0000 -157472.0000 -498465.0000 -232673.0000 -152603.0000 -221403.0000 -265592.0000 432042.0000 46101.0000 389097.0000 301958.0000 -159744.0000 -482636.0000 
-186786.0000 -389718.0000 322553.0000 48913.0000 -65244.0000 453130.0000 475835.0000 332790.0000 89596.0000 87161.0000 -7111.0000 -215576.0000 401685.0000 -420222.0000 -265548.0000 143370.0000 -399956.0000 474532.0000 -256874.0000 461072.0000 -5434.0000 -471048.0000 -191532.0000 273164.0000 281860.0000 259009.0000 337764.0000 -310544.0000 60966.0000 -321980.0000 -293180.0000 -107321.0000 306802.0000 -470628.0000 441593.0000 -258443.0000 482502.0000 -64074.0000 -425654.0000 72097.0000 41586.0000 67235.0000 -124979.0000 -56729.0000 -334487.0000 -372028.0000 105140.0000 284057.0000 121003.0000 -133235.0000 
245128.0000 -384432.0000 -104283.0000 -446404.0000 -92769.0000 -322423.0000 -168896.0000 -255005.0000 -132967.0000 392071.0000 -76985.0000 73853.0000 -215251.0000 248316.0000 -378276.0000 244841.0000 489873.0000 -395774.0000 199267.0000 82718.0000 -305178.0000 -259148.0000 -350047.0000 69843.0000 -297378.0000 333966.0000 -283686.0000 -173739.0000 118022.0000 337317.0000 193026.0000 -136851.0000 452886.0000 107243.0000 435245.0000 378616.0000 -196681.0000 -233651.0000 -376390.0000 170352.0000 176919.0000 -434876.0000 262704.0000 461668.0000 313440.0000 384428.0000 -274992.0000 -178189.0000 7153.0000 424275.0000 
404530.0000 201976.0000 183626.0000 72982.0000 290318.0000 -95252.0000 -93053.0000 -493368.0000 231009.0000 43468.0000 343949.0000 442535.0000 406617.0000 -184667.0000 -431724.0000 -139639.0000 -306051.0000 -128405.0000 -354791.0000 336059.0000 60446.0000 322128.0000 -80317.0000 341649.0000 283795.0000 251622.0000 226076.0000 27302.0000 -426567.0000 251729.0000 -48424.0000 477963.0000 -46296.0000 153702.0000 -430557.0000 262521.0000 -441551.0000 -23610.0000 -212348.0000 -192043.0000 -480143.0000 -368399.0000 268991.0000 -55027.0000 465434.0000 337267.0000 -176167.0000 -340618.0000 227361.0000 -30958.0000 
13941.0000 -212194.0000 -208831.0000 433624.0000 -370546.0000 93464.0000 -296256.0000 -125970.0000 -379235.0000 -222823.0000 144258.0000 -409159.0000 273639.0000 116461.0000 244543.0000 343082.0000 -121019.0000 302992.0000 337971.0000 166634.0000 -389052.0000 -123673.0000 -183266.0000 379940.0000 -160200.0000 300667.0000 -264295.0000 163633.0000 460050.0000 463067.0000 -367325.0000 492490.0000 269372.0000 442344.0000 426113.0000 -82674.0000 -445694.0000 148356.0000 -190145.0000 -324928.0000 425534.0000 454113.0000 -234087.0000 -282329.0000 70573.0000 28955.0000 79253.0000 -31947.0000 -168054.0000 -82777.0000 
153186.0000 461394.0000 -187950.0000 -11581.0000 -140168.0000 151850.0000 -210914.0000 -385963.0000 -184518.0000 267635.0000 -422897.0000 466657.0000 260124.0000 -135026.0000 -72500.0000 -295265.0000 282300.0000 -18194.0000 353091.0000 -407846.0000 -324623.0000 -202877.0000 64766.0000 -58710.0000 14795.0000 153838.0000 470245.0000 -405953.0000 -378109.0000 320690.0000 -470231.0000 275077.0000 -199417.0000 -158181.0000 281996.0000 160415.0000 493669.0000 -428919.0000 274452.0000 327651.0000 338716.0000 -129946.0000 -187194.0000 98839.0000 235029.0000 240306.0000 303574.0000 -464173.0000 240612.0000 -324837.0000 
146482.0000 415989.0000 -27713.0000 -288753.0000 375779.0000 487082.0000 365086.0000 -135478.0000 99628.0000 5476.0000 -314788.0000 129397.0000 -219448.0000 -14205.0000 471217.0000 -437453.0000 164709.0000 464885.0000 152128.0000 457661.0000 -188966.0000 -9157.0000 -172286.0000 123841.0000 108181.0000 81242.0000 382646.0000 430254.0000 117070.0000 123257.0000 -394583.0000 282051.0000 -442255.0000 77704.0000 493298.0000 433524.0000 -416716.0000 -123118.0000 -201955.0000 -298589.0000 382358.0000 -498244.0000 330808.0000 181410.0000 -12449.0000 302024.0000 -237544.0000 170760.0000 -214592.0000 414585.0000 
128420.0000 -385059.0000 423927.0000 -25367.0000 -242719.0000 32108.0000 -444125.0000 -360073.0000 -37639.0000 -308556.0000 -218317.0000 67778.0000 473495.0000 357928.0000 163981.0000 -14709.0000 291451.0000 -234236.0000 362174.0000 -410504.0000 -32825.0000 -236970.0000 -408748.0000 316483.0000 -37061.0000 -402697.0000 -362995.0000 225396.0000 -213438.0000 440913.0000 -341521.0000 414982.0000 -444146.0000 -417595.0000 -110386.0000 -186865.0000 -366988.0000 463989.0000 471562.0000 95374.0000 -344568.0000 271745.0000 181651.0000 147426.0000 129672.0000 364132.0000 -367283.0000 439623.0000 -370105.0000 13390.0000 
47618.0000 -384430.0000 276420.0000 -342631.0000 432053.0000 257859.0000 -245328.0000 87557.0000 -16746.0000 41234.0000 28470.0000 -339768.0000 474715.0000 84324.0000 -257363.0000 -135671.0000 -84042.0000 394150.0000 346817.0000 406020.0000 -10477.0000 -497751.0000 -303737.0000 189673.0000 149675.0000 325935.0000 53804.0000 -199109.0000 -215944.0000 -297801.0000 314281.0000 331674.0000 336269.0000 -390800.0000 489044.0000 268321.0000 367059.0000 262215.0000 374377.0000 368812.0000 321949.0000 -97154.0000 -470957.0000 296663.0000 5669.0000 290180.0000 179491.0000 421628.0000 184329.0000 26308.0000 
-153854.0000 192351.0000 -452944.0000 42409.0000 -117976.0000 196731.0000 386843.0000 -45673.0000 497623.0000 -329101.0000 156526.0000 -169598.0000 21072.0000 -7206.0000 -60398.0000 10115.0000 279614.0000 325160.0000 -227670.0000 153991.0000 193971.0000 112778.0000 -443164.0000 -258487.0000 -90560.0000 62506.0000 -468307.0000 107431.0000 -497368.0000 -265479.0000 152238.0000 -151222.0000 426873.0000 199294.0000 -90314.0000 327396.0000 414524.0000 -203472.0000 -218278.0000 -69355.0000 485927.0000 438249.0000 261048.0000 6999.0000 449542.0000 219149.0000 -482887.0000 -252345.0000 44309.0000 307943.0000 
401646.0000 256779.0000 439220.0000 -23019.0000 498293.0000 367160.0000 57986.0000 -470015.0000 -25410.0000 -420883.0000 283006.0000 -373173.0000 446395.0000 209878.0000 -155380.0000 -143920.0000 37273.0000 277643.0000 -328892.0000 -162505.0000 -291712.0000 -342966.0000 294243.0000 469336.0000 -317468.0000 243784.0000 -293017.0000 -300354.0000 9938.0000 251292.0000 26088.0000 -88417.0000 8071.0000 483808.0000 -92936.0000 6363.0000 350967.0000 -16451.0000 -445153.0000 -174444.0000 -418834.0000 337853.0000 470883.0000 -472440.0000 -433770.0000 334002.0000 402141.0000 -377998.0000 111644.0000 -426752.0000 
-40503.0000 319932.0000 248782.0000 -246261.0000 -192234.0000 431315.0000 16023.0000 14750.0000 149460.0000 -474040.0000 284541.0000 194047.0000 456044.0000 -207389.0000 177854.0000 381607.0000 -182527.0000 28820.0000 383655.0000 390820.0000 354376.0000 464821.0000 -252828.0000 -156243.0000 10881.0000 -186598.0000 -322242.0000 -86979.0000 453904.0000 -192098.0000 -495232.0000 -86599.0000 -372167.0000 253550.0000 -314361.0000 454100.0000 184864.0000 -279839.0000 -31151.0000 352823.0000 264622.0000 -246611.0000 46870.0000 220665.0000 -435500.0000 -275277.0000 -379230.0000 400473.0000 253544.0000 -495576.0000 
-190208.0000 -373582.0000 -12255.0000 56964.0000 488676.0000 498626.0000 370366.0000 184933.0000 -88354.0000 324269.0000 492835.0000 -83586.0000 256169.0000 139168.0000 188463.0000 -39692.0000 93267.0000 391827.0000 180469.0000 -437885.0000 244649.0000 -54910.0000 334004.0000 310018.0000 184254.0000 -82997.0000 -465259.0000 305024.0000 335976.0000 -193216.0000 -172052.0000 -354233.0000 451702.0000 315693.0000 202731.0000 -41124.0000 314318.0000 -408405.0000 -356191.0000 244463.0000 -65637.0000 -363357.0000 179376.0000 209032.0000 -205690.0000 -132162.0000 -330661.0000 387577.0000 -240336.0000 -131693.0000 
-31809.0000 22813.0000 313398.0000 -197805.0000 -167170.0000 -483850.0000 -262303.0000 386071.0000 -160326.0000 92172.0000 -307146.0000 167622.0000 237939.0000 163056.0000 -498187.0000 459169.0000 -378069.0000 -165370.0000 69263.0000 -234260.0000 -420908.0000 -496374.0000 420884.0000 258468.0000 212658.0000 -284807.0000 144805.0000 -99504.0000 -397230.0000 404470.0000 268803.0000 70961.0000 445782.0000 -399301.0000 -108345.0000 -221389.0000 -383150.0000 -352148.0000 -335318.0000 -43476.0000 240024.0000 376036.0000 142645.0000 496463.0000 39091.0000 -337043.0000 -25870.0000 161023.0000 -2413.0000 -456607.0000 
-54738.0000 76679.0000 -452981.0000 384645.0000 353646.0000 -221824.0000 -400162.0000 -1550.0000 178672.0000 221108.0000 -97081.0000 -52526.0000 310568.0000 367200.0000 48174.0000 220723.0000 -354189.0000 -316477.0000 368575.0000 328993.0000 -341454.0000 -372903.0000 205028.0000 -180310.0000 142059.0000 262619.0000 -17353.0000 -383811.0000 -76359.0000 480234.0000 -340418.0000 -112598.0000 56912.0000 225101.0000 -227953.0000 -89443.0000 -496724.0000 -128115.0000 409007.0000 -299553.0000 111492.0000 330426.0000 -333580.0000 -77941.0000 197625.0000 -266907.0000 161281.0000 -138065.0000 -83384.0000 -451646.0000 
-309073.0000 -406339.0000 -324548.0000 -85545.0000 -86649.0000 -163990.0000 -322927.0000 395998.0000 -47801.0000 -380787.0000 376231.0000 111781.0000 6615.0000 451642.0000 355381.0000 278662.0000 380698.0000 358657.0000 169046.0000 -191796.0000 77603.0000 299037.0000 157129.0000 244024.0000 -278904.0000 373253.0000 477117.0000 -99124.0000 -264812.0000 412233.0000 -50769.0000 444615.0000 -494107.0000 124683.0000 -140931.0000 -80755.0000 460693.0000 -445359.0000 -184758.0000 431392.0000 -326146.0000 209973.0000 -438329.0000 180470.0000 -319887.0000 417053.0000 477631.0000 79311.0000 -205792.0000 146677.0000 
387515.0000 371812.0000 -54287.0000 44643.0000 115835.0000 -314692.0000 436395.0000 -388550.0000 86185.0000 -328418.0000 -476318.0000 -464585.0000 134697.0000 -470424.0000 -321403.0000 493766.0000 -51179.0000 157789.0000 -451593.0000 -217438.0000 89180.0000 -277739.0000 11034.0000 150852.0000 -78770.0000 191148.0000 -413597.0000 -101139.0000 288958.0000 -119389.0000 64037.0000 176472.0000 270922.0000 28249.0000 239614.0000 -113244.0000 -267943.0000 176008.0000 -483294.0000 318242.0000 -133910.0000 -459612.0000 -127844.0000 -499214.0000 -430036.0000 -430748.0000 13051.0000 -462716.0000 227041.0000 -420043.0000 
-180153.0000 334721.0000 320719.0000 -150620.0000 -495929.0000 -258052.0000 59027.0000 -409526.0000 -340692.0000 -152016.0000 489585.0000 -258156.0000 42955.0000 260507.0000 270094.0000 -217432.0000 165762.0000 -497850.0000 -22924.0000 182468.0000 -161109.0000 -138335.0000 222857.0000 -270454.0000 -137549.0000 -188680.0000 -201202.0000 -105999.0000 -151395.0000 44338.0000 -26041.0000 -313049.0000 397558.0000 -205323.0000 36331.0000 401629.0000 -444876.0000 113858.0000 10602.0000 -285567.0000 461842.0000 -481314.0000 -43723.0000 4797.0000 279193.0000 244870.0000 -194136.0000 463454.0000 -234481.0000 -198561.0000 
-335579.0000 -377091.0000 163104.0000 387278.0000 -147545.0000 44054.0000 217097.0000 -330248.0000 438056.0000 -434299.0000 -267410.0000 -87986.0000 271152.0000 -369853.0000 -274810.0000 -192517.0000 50276.0000 -219686.0000 421341.0000 -439123.0000 -486754.0000 -98319.0000 -420437.0000 488024.0000 406478.0000 -122745.0000 232893.0000 230842.0000 359209.0000 498413.0000 -467720.0000 -476371.0000 -378679.0000 -286116.0000 -70594.0000 492277.0000 257938.0000 -353498.0000 -337972.0000 195993.0000 230704.0000 -105382.0000 126506.0000 1855.0000 -456735.0000 351696.0000 -172163.0000 93541.0000 150510.0000 -250823.0000 
154418.0000 163756.0000 -330642.0000 -247519.0000 151779.0000 94335.0000 -351765.0000 -115328.0000 -174824.0000 -492557.0000 401584.0000 375957.0000 49572.0000 41404.0000 -410160.0000 478978.0000 33680.0000 -133723.0000 -374520.0000 -285792.0000 -437730.0000 -125317.0000 -372675.0000 -292725.0000 376538.0000 189090.0000 77471.0000 -295625.0000 -217370.0000 -272020.0000 472052.0000 -44452.0000 391736.0000 -358591.0000 -273472.0000 43515.0000 235745.0000 -125237.0000 -53314.0000 79420.0000 400707.0000 366769.0000 -44624.0000 -49722.0000 -91828.0000 -436285.0000 -70744.0000 -39648.0000 -70007.0000 -426765.0000 
-306941.0000 -7737.0000 -52082.0000 338884.0000 -281963.0000 -175545.0000 27974.0000 295508.0000 -452671.0000 310604.0000 -476513.0000 -480619.0000 284651.0000 -66277.0000 179290.0000 -488822.0000 -4263.0000 -84966.0000 -114058.0000 442423.0000 12954.0000 305148.0000 -172310.0000 468330.0000 -244575.0000 235862.0000 -467955.0000 -296820.0000 214713.0000 -37962.0000 -223585.0000 407772.0000 -27200.0000 -257168.0000 -234845.0000 190837.0000 -414213.0000 293129.0000 -495156.0000 -366884.0000 -377769.0000 46831.0000 170997.0000 -74618.0000 480554.0000 -149713.0000 -63440.0000 494790.0000 -216180.0000 -158999.0000 
437212.0000 296774.0000 -353852.0000 283401.0000 -216397.0000 420074.0000 19263.0000 -184352.0000 -376747.0000 252475.0000 -203815.0000 -100331.0000 -321254.0000 268985.0000 142501.0000 -56099.0000 478321.0000 228288.0000 255529.0000 1664.0000 -120096.0000 -103741.0000 -451505.0000 -449100.0000 321641.0000 47548.0000 419687.0000 -241799.0000 42338.0000 -296493.0000 99202.0000 498049.0000 18780.0000 -236150.0000 281450.0000 302383.0000 -316077.0000 319212.0000 -381970.0000 -192824.0000 71686.0000 432715.0000 -274656.0000 250432.0000 -279802.0000 367846.0000 212832.0000 -301481.0000 -385368.0000 -31640.0000 
