100 50
-488915.0000 288666.0000 423479.0000 363901.0000 -341041.0000 -464539.0000 11318.0000 -450314.0000 478004.0000 352462.0000 160993.0000 306259.0000 -396226.0000 -309277.0000 -84484.0000 -450530.0000 -63760.0000 286643.0000 -219065.0000 -223064.0000 -134236.0000 68015.0000 372711.0000 371761.0000 467168.0000 174696.0000 332311.0000 -241968.0000 -152750.0000 -84115.0000 -359679.0000 -141665.0000 223050.0000 82299.0000 -277765.0000 382010.0000 117760.0000 -247948.0000 431696.0000 -385738.0000 -395486.0000 92689.0000 420521.0000 226788.0000 283412.0000 -163964.0000 -205243.0000 238151.0000 141178.0000 75692.0000 
-484914.0000 -493059.0000 162206.0000 387798.0000 378702.0000 129373.0000 -419008.0000 -270489.0000 387406.0000 446742.0000 -336105.0000 -472274.0000 -194924.0000 386946.0000 -371476.0000 -454189.0000 268955.0000 246284.0000 -202137.0000 -280851.0000 -120955.0000 420877.0000 311838.0000 -200435.0000 -333837.0000 -386252.0000 -345900.0000 -39080.0000 -129602.0000 295278.0000 -463389.0000 -114515.0000 302219.0000 198818.0000 291782.0000 -300581.0000 346690.0000 -108727.0000 -71069.0000 234095.0000 -161986.0000 -388675.0000 -219680.0000 -338411.0000 498271.0000 -91156.0000 -292600.0000 -214276.0000 173627.0000 -476237.0000 
4874.0000 -447329.0000 444640.0000 335211.0000 370736.0000 -389197.0000 -32541.0000 -475165.0000 -409778.0000 337857.0000 320113.0000 145334.0000 -276659.0000 122331.0000 362651.0000 33622.0000 321751.0000 209340.0000 424895.0000 269181.0000 -56565.0000 -237092.0000 380506.0000 -257746.0000 -75502.0000 -102724.0000 151099.0000 -349603.0000 183000.0000 343225.0000 -325840.0000 206373.0000 -85604.0000 -381200.0000 41584.0000 -214869.0000 248103.0000 27542.0000 328467.0000 338325.0000 -134602.0000 148579.0000 -16342.0000 -392761.0000 289410.0000 -153692.0000 -340640.0000 -370341.0000 -444352.0000 -415745.0000 
398840.0000 -482418.0000 365663.0000 -202156.0000 -240164.0000 308660.0000 195120.0000 -70566.0000 459058.0000 -121880.0000 291159.0000 -366783.0000 102992.0000 224054.0000 270517.0000 163075.0000 -490816.0000 -462882.0000 -309384.0000 -143850.0000 375444.0000 -425486.0000 23229.0000 377601.0000 -318247.0000 -187362.0000 -276091.0000 359613.0000 -57703.0000 298057.0000 443868.0000 359636.0000 -165862.0000 -171970.0000 -342521.0000 93974.0000 -363311.0000 -128901.0000 -476592.0000 -404254.0000 -232282.0000 -166934.0000 247464.0000 370710.0000 -442881.0000 -463521.0000 33785.0000 84803.0000 -426402.0000 -257100.0000 
440954.0000 -32459.0000 -182586.0000 -35818.0000 -154859.0000 -482334.0000 -204681.0000 -412451.0000 377280.0000 237616.0000 -95895.0000 -160354.0000 -384250.0000 238243.0000 167676.0000 291729.0000 -167783.0000 304366.0000 181327.0000 374125.0000 -81389.0000 449045.0000 -292810.0000 184574.0000 -161746.0000 282809.0000 221054.0000 372039.0000 -132389.0000 -186849.0000 -385062.0000 -191436.0000 280692.0000 450853.0000 -208755.0000 144332.0000 468519.0000 86564.0000 231882.0000 345798.0000 342679.0000 -364014.0000 203944.0000 -23072.0000 -107271.0000 -128381.0000 -231343.0000 224946.0000 194484.0000 449984.0000 
-382431.0000 131595.0000 -82472.0000 343259.0000 -183832.0000 255782.0000 126067.0000 55721.0000 127820.0000 12177.0000 368872.0000 -238743.0000 -160759.0000 -331938.0000 -287891.0000 130486.0000 312395.0000 199128.0000 -282950.0000 -437225.0000 -436576.0000 78228.0000 -301239.0000 267368.0000 -444844.0000 91490.0000 157487.0000 -176187.0000 334935.0000 -148030.0000 292296.0000 -28997.0000 483565.0000 -290177.0000 332761.0000 318233.0000 -15896.0000 477327.0000 -126047.0000 130423.0000 -10496.0000 261325.0000 391681.0000 328745.0000 -52114.0000 122289.0000 -40770.0000 -239720.0000 339916.0000 -305221.0000 
341555.0000 403341.0000 -208493.0000 -459684.0000 -310793.0000 -153337.0000 -349695.0000 346694.0000 -311025.0000 3740.0000 217164.0000 -230.0000 -6758.0000 -280773.0000 -271907.0000 -173997.0000 -462541.0000 212197.0000 -196671.0000 429913.0000 -157380.0000 292833.0000 -290264.0000 -265700.0000 -359924.0000 157622.0000 -124912.0000 -382194.0000 -63598.0000 -284996.0000 331085.0000 -222044.0000 136844.0000 -377409.0000 336772.0000 326051.0000 -30746.0000 5577.0000 -308756.0000 -323272.0000 -490684.0000 408408.0000 176499.0000 -478943.0000 -372366.0000 404592.0000 -152940.0000 -334906.0000 116788.0000 150390.0000 
113506.0000 -22093.0000 461722.0000 323242.0000 -269294.0000 120298.0000 499363.0000 105795.0000 238104.0000 454264.0000 -160702.0000 69188.0000 250720.0000 -5359.0000 191780.0000 87491.0000 -179309.0000 179533.0000 111567.0000 11935.0000 -125239.0000 -360618.0000 438842.0000 -448741.0000 -339560.0000 -433524.0000 -25650.0000 7500.0000 250070.0000 109637.0000 176389.0000 382075.0000 -412456.0000 -343390.0000 -276185.0000 -181750.0000 276908.0000 -276823.0000 -57456.0000 15011.0000 195941.0000 -199659.0000 102698.0000 -53340.0000 294982.0000 -205523.0000 -465850.0000 -384327.0000 -7490.0000 -335783.0000 
-353893.0000 367271.0000 -196401.0000 103449.0000 -62971.0000 -35961.0000 169925.0000 411379.0000 471540.0000 438494.0000 -460486.0000 -333573.0000 -160933.0000 -372942.0000 -176963.0000 62882.0000 463809.0000 -400056.0000 286059.0000 -93648.0000 -366546.0000 -499502.0000 206694.0000 236153.0000 -52842.0000 1675.0000 49129.0000 499809.0000 -364153.0000 60138.0000 -335975.0000 300455.0000 445908.0000 -32376.0000 -96097.0000 -117064.0000 431664.0000 92327.0000 312814.0000 -78298.0000 -450681.0000 352329.0000 88129.0000 -111614.0000 -2114.0000 -70334.0000 451268.0000 -38306.0000 -451891.0000 -244175.0000 
368047.0000 -318436.0000 -243676.0000 74740.0000 -63784.0000 203482.0000 94914.0000 485345.0000 -278211.0000 230762.0000 45483.0000 -114186.0000 -450285.0000 -8610.0000 353439.0000 -46382.0000 -107174.0000 -196399.0000 -454056.0000 -294361.0000 225303.0000 113763.0000 76467.0000 331931.0000 -497852.0000 -425647.0000 -238404.0000 453416.0000 36047.0000 -190294.0000 227740.0000 -95907.0000 -490231.0000 484064.0000 -2668.0000 -54015.0000 -293955.0000 110746.0000 -68671.0000 -72166.0000 360007.0000 -4689.0000 313649.0000 409722.0000 5201.0000 -314414.0000 -136661.0000 398027.0000 -492314.0000 427783.0000 
122165.0000 232989.0000 41545.0000 -301368.0000 -416582.0000 -437808.0000 -227015.0000 -154985.0000 -484393.0000 309032.0000 -326780.0000 -238154.0000 231625.0000 -317011.0000 -254090.0000 247456.0000 128974.0000 470455.0000 -141799.0000 78802.0000 -101712.0000 -281793.0000 92613.0000 230436.0000 -372072.0000 -402187.0000 -65479.0000 -490234.0000 14339.0000 -57793.0000 -43952.0000 -363497.0000 193695.0000 497593.0000 353635.0000 277114.0000 78284.0000 -373381.0000 140628.0000 -387610.0000 -45849.0000 313848.0000 -125763.0000 204275.0000 15336.0000 120147.0000 -48270.0000 162809.0000 90601.0000 -171569.0000 
-258390.0000 7388.0000 46638.0000 334223.0000 -262176.0000 -306934.0000 -49465.0000 -309156.0000 -297168.0000 464874.0000 133052.0000 -322620.0000 119877.0000 -173254.0000 193472.0000 -26489.0000 122359.0000 -228244.0000 -381370.0000 -237014.0000 -115854.0000 72781.0000 95333.0000 258383.0000 295555.0000 129168.0000 397029.0000 -252716.0000 -208024.0000 -12371.0000 -405786.0000 -447914.0000 13517.0000 140853.0000 -95192.0000 251341.0000 -147582.0000 355344.0000 -39316.0000 -426251.0000 -161284.0000 -406265.0000 -248871.0000 458593.0000 438982.0000 444602.0000 -67896.0000 -420161.0000 -283643.0000 50734.0000 
361326.0000 100503.0000 142014.0000 -43342.0000 377386.0000 -62432.0000 104326.0000 274414.0000 -296649.0000 396302.0000 -237957.0000 -202434.0000 448388.0000 -205941.0000 -43082.0000 -146804.0000 -454601.0000 309336.0000 227039.0000 -475418.0000 383085.0000 -434246.0000 -381682.0000 -365786.0000 -475653.0000 75799.0000 -421185.0000 474951.0000 155638.0000 313672.0000 25684.0000 16963.0000 -85826.0000 186197.0000 -7879.0000 310059.0000 -376236.0000 -403554.0000 84473.0000 345615.0000 11247.0000 -134985.0000 -356820.0000 478135.0000 159074.0000 -381403.0000 349830.0000 -277028.0000 427933.0000 76868.0000 
-252446.0000 -170483.0000 142622.0000 -134128.0000 482231.0000 -314532.0000 -39830.0000 79545.0000 -339582.0000 -384192.0000 -106784.0000 -295399.0000 -348730.0000 -174111.0000 390798.0000 143391.0000 -364052.0000 33061.0000 -241664.0000 220421.0000 -121324.0000 269584.0000 -414565.0000 -459645.0000 247718.0000 244509.0000 -341047.0000 97547.0000 467481.0000 105385.0000 192914.0000 -284966.0000 434902.0000 354035.0000 -400594.0000 -64369.0000 -460497.0000 59576.0000 -484825.0000 218421.0000 -306117.0000 -91609.0000 -58478.0000 -154846.0000 -247220.0000 -167681.0000 7044.0000 -111272.0000 -116120.0000 265381.0000 
127648.0000 -218945.0000 -446537.0000 213083.0000 -178590.0000 -180320.0000 476091.0000 498863.0000 -64274.0000 -37930.0000 -377253.0000 -371361.0000 -304397.0000 76148.0000 1173.0000 313509.0000 -488221.0000 40676.0000 -126915.0000 -473046.0000 277597.0000 -414533.0000 453846.0000 -280882.0000 -69379.0000 -293375.0000 -430064.0000 -43835.0000 -386148.0000 472316.0000 -278455.0000 241500.0000 -246630.0000 293508.0000 473082.0000 -406720.0000 -386813.0000 -32329.0000 110642.0000 -432588.0000 429741.0000 233389.0000 214551.0000 143843.0000 -190463.0000 -284277.0000 -42648.0000 -178684.0000 -225101.0000 -151064.0000 
366770.0000 -447505.0000 -65597.0000 320615.0000 290113.0000 -116476.0000 -472761.0000 360049.0000 339689.0000 -358909.0000 332365.0000 79733.0000 -98910.0000 104234.0000 391740.0000 -125829.0000 197514.0000 -495074.0000 341842.0000 -191844.0000 90838.0000 -209919.0000 -458456.0000 -194612.0000 433925.0000 369581.0000 21111.0000 409776.0000 -309104.0000 296010.0000 -241289.0000 76166.0000 -132996.0000 -288387.0000 -103220.0000 -342884.0000 -386364.0000 442520.0000 35665.0000 453325.0000 102110.0000 386529.0000 -448444.0000 -496800.0000 -9238.0000 443296.0000 -122629.0000 206776.0000 -33279.0000 237713.0000 
-485069.0000 -442442.0000 46293.0000 74975.0000 -137054.0000 498717.0000 -55444.0000 -97443.0000 408492.0000 -346049.0000 -301434.0000 185702.0000 230117.0000 -415930.0000 -84185.0000 145397.0000 -258814.0000 29451.0000 87916.0000 -204650.0000 -17224.0000 -309975.0000 -318122.0000 -447169.0000 -306775.0000 -308860.0000 496128.0000 -410904.0000 397916.0000 -37152.0000 -154692.0000 -68654.0000 -461094.0000 -89900.0000 -493680.0000 420352.0000 -91183.0000 469376.0000 -177092.0000 335808.0000 141827.0000 -460026.0000 21510.0000 -128057.0000 -375956.0000 437325.0000 35839.0000 383730.0000 485275.0000 -376246.0000 
-320920.0000 486550.0000 332280.0000 379458.0000 -460619.0000 44004.0000 89097.0000 -464492.0000 -348401.0000 -12988.0000 -483145.0000 -3093.0000 -63143.0000 -444239.0000 407008.0000 -56822.0000 476114.0000 334324.0000 -87447.0000 317521.0000 170131.0000 72879.0000 357495.0000 -308360.0000 444823.0000 38.0000 147464.0000 499161.0000 -116232.0000 -348762.0000 -377085.0000 -418653.0000 -362213.0000 -26306.0000 -20696.0000 -322832.0000 -482303.0000 -431599.0000 231176.0000 -330703.0000 -426088.0000 -233469.0000 -315297.0000 10770.0000 340792.0000 -408290.0000 453948.0000 -164596.0000 426034.0000 385000.0000 
-347075.0000 96165.0000 -42121.0000 -489581.0000 -193696.0000 421201.0000 10458.0000 -27732.0000 420361.0000 -87275.0000 123506.0000 61775.0000 -5928.0000 -220208.0000 -464532.0000 -8125.0000 -43039.0000 -446834.0000 60276.0000 206636.0000 240963.0000 134189.0000 473167.0000 425666.0000 -355042.0000 313959.0000 35876.0000 117405.0000 167862.0000 -38091.0000 -479097.0000 320787.0000 76573.0000 497282.0000 -150294.0000 -98623.0000 418482.0000 -121337.0000 -107856.0000 -142658.0000 291388.0000 34149.0000 419117.0000 303959.0000 313941.0000 -26915.0000 -204167.0000 289401.0000 -455250.0000 356110.0000 
-3963.0000 285713.0000 -491203.0000 487703.0000 211378.0000 -346245.0000 -179840.0000 -252747.0000 -210341.0000 488023.0000 -272338.0000 -189438.0000 308809.0000 -177266.0000 -192156.0000 177014.0000 -257390.0000 244825.0000 -444324.0000 134754.0000 -397834.0000 347064.0000 -331098.0000 39783.0000 -330479.0000 482844.0000 -487133.0000 483855.0000 -209257.0000 76117.0000 339964.0000 286780.0000 -138171.0000 -132740.0000 274483.0000 91706.0000 -460486.0000 113142.0000 -142541.0000 -170827.0000 101164.0000 -396380.0000 -341766.0000 428473.0000 -73646.0000 -33922.0000 105486.0000 168965.0000 -289097.0000 161163.0000 
322218.0000 331569.0000 -473275.0000 491121.0000 389851.0000 -303753.0000 -7537.0000 -78783.0000 -319899.0000 283206.0000 497334.0000 38564.0000 -411515.0000 377662.0000 -75677.0000 -118533.0000 -30632.0000 -36163.0000 494609.0000 -154674.0000 -188491.0000 -385728.0000 -51054.0000 -30257.0000 -457256.0000 -106201.0000 -45679.0000 148230.0000 81263.0000 -316277.0000 327892.0000 -96519.0000 -484709.0000 354618.0000 413101.0000 405143.0000 69364.0000 -94437.0000 -173641.0000 -232036.0000 207268.0000 342193.0000 -174973.0000 -185748.0000 219854.0000 249350.0000 195719.0000 207721.0000 231686.0000 190328.0000 
71546.0000 -456806.0000 304600.0000 -479509.0000 -468564.0000 -134157.0000 432791.0000 -14243.0000 32572.0000 14053.0000 169480.0000 -139536.0000 -63967.0000 -296729.0000 233581.0000 -150867.0000 126913.0000 -197056.0000 -226805.0000 -28229.0000 -410593.0000 -1037.0000 -186037.0000 -85566.0000 313215.0000 52317.0000 182283.0000 8934.0000 -239963.0000 432468.0000 217761.0000 331584.0000 -5839.0000 -459141.0000 -129426.0000 25597.0000 -93298.0000 321864.0000 -488646.0000 439274.0000 354417.0000 -300667.0000 318237.0000 -209551.0000 421104.0000 51817.0000 -341918.0000 48016.0000 -126740.0000 449777.0000 
38287.0000 -37333.0000 -51261.0000 352250.0000 -104400.0000 280454.0000 423066.0000 96382.0000 307887.0000 -316897.0000 -452652.0000 25647.0000 33186.0000 41509.0000 -414995.0000 -77741.0000 -432894.0000 -489794.0000 -255877.0000 96960.0000 -32021.0000 117039.0000 296293.0000 -213784.0000 407488.0000 217397.0000 338033.0000 84069.0000 283912.0000 229793.0000 33846.0000 -177802.0000 210959.0000 1084.0000 192948.0000 125059.0000 300037.0000 116013.0000 -278560.0000 107923.0000 -182385.0000 -231211.0000 152069.0000 -130700.0000 310298.0000 237074.0000 291560.0000 -104097.0000 247280.0000 54182.0000 
492863.0000 -284741.0000 -328780.0000 289156.0000 -480026.0000 97207.0000 -474949.0000 -123494.0000 -318724.0000 308963.0000 -393702.0000 -266379.0000 149661.0000 317258.0000 -246796.0000 -157392.0000 -57684.0000 -446759.0000 -22880.0000 -317745.0000 -320337.0000 -186765.0000 469544.0000 331733.0000 182535.0000 -201659.0000 -412695.0000 -25906.0000 194244.0000 -146915.0000 46775.0000 -294394.0000 -413157.0000 217995.0000 494762.0000 -393183.0000 333702.0000 38312.0000 -16677.0000 33477.0000 365774.0000 -391879.0000 267098.0000 15434.0000 -56122.0000 38801.0000 -123459.0000 -95307.0000 -389459.0000 -127839.0000 
86948.0000 -209795.0000 185396.0000 -425009.0000 140437.0000 -132070.0000 391832.0000 227742.0000 -139476.0000 -395426.0000 99326.0000 407299.0000 -189820.0000 186169.0000 -356207.0000 323441.0000 -188515.0000 477495.0000 -138248.0000 -186692.0000 10971.0000 246026.0000 -78571.0000 296568.0000 279959.0000 365307.0000 353868.0000 175000.0000 288499.0000 464410.0000 -452840.0000 393946.0000 273114.0000 232556.0000 468937.0000 -86450.0000 118985.0000 -120733.0000 159791.0000 479509.0000 -16158.0000 -240883.0000 -94693.0000 294022.0000 -36215.0000 -432401.0000 -364038.0000 275271.0000 63593.0000 -483787.0000 
-411422.0000 -425437.0000 262239.0000 -471494.0000 -110370.0000 42198.0000 -87688.0000 261997.0000 -282803.0000 -299190.0000 226406.0000 282857.0000 -405245.0000 -481982.0000 -466089.0000 82192.0000 -68432.0000 152896.0000 461459.0000 109859.0000 -349096.0000 -54700.0000 368976.0000 -425290.0000 257822.0000 -167240.0000 -357691.0000 393784.0000 -391970.0000 205902.0000 409997.0000 215108.0000 -201036.0000 -309265.0000 243614.0000 -292907.0000 -248568.0000 -344075.0000 469090.0000 -31371.0000 375235.0000 -286005.0000 269985.0000 469991.0000 -267987.0000 303896.0000 52182.0000 -317919.0000 -43209.0000 13640.0000 
291940.0000 -373806.0000 -22560.0000 160915.0000 -299096.0000 253761.0000 12174.0000 361713.0000 -333957.0000 -361296.0000 67614.0000 -423961.0000 353812.0000 -114923.0000 285274.0000 -384075.0000 92170.0000 -463295.0000 290350.0000 -420241.0000 -476167.0000 165585.0000 -206246.0000 293818.0000 -345926.0000 -455734.0000 97713.0000 206256.0000 -273653.0000 73004.0000 238395.0000 -481714.0000 199198.0000 234334.0000 -302300.0000 400103.0000 -11906.0000 209875.0000 261815.0000 154137.0000 348579.0000 347929.0000 -251324.0000 -279111.0000 251505.0000 -466051.0000 -163186.0000 362175.0000 -429345.0000 145664.0000 
441934.0000 -405512.0000 -188752.0000 254187.0000 388307.0000 -34678.0000 298453.0000 -13981.0000 190077.0000 -475200.0000 77522.0000 -71529.0000 61586.0000 -223280.0000 -337195.0000 259287.0000 195322.0000 -330602.0000 -30839.0000 475636.0000 323536.0000 336239.0000 -157937.0000 -427789.0000 -442873.0000 -406432.0000 -393840.0000 -106058.0000 455743.0000 195315.0000 58105.0000 397676.0000 -191697.0000 369353.0000 -329639.0000 -303391.0000 353174.0000 468814.0000 -298873.0000 43250.0000 12113.0000 278650.0000 -9780.0000 -426301.0000 73869.0000 -328476.0000 332986.0000 -230810.0000 359423.0000 320646.0000 
-255175.0000 182958.0000 156884.0000 86889.0000 -226332.0000 -267490.0000 -301044.0000 -120172.0000 -355049.0000 -345302.0000 93643.0000 203056.0000 70873.0000 401946.0000 -409093.0000 241234.0000 117054.0000 444081.0000 -271454.0000 318181.0000 -494171.0000 240660.0000 -384671.0000 -485451.0000 314359.0000 189198.0000 204573.0000 -334157.0000 -23113.0000 63995.0000 4988.0000 221713.0000 -253048.0000 180371.0000 327101.0000 20620.0000 412881.0000 44556.0000 -81052.0000 76332.0000 199254.0000 31090.0000 -220613.0000 288626.0000 -66965.0000 -129705.0000 29859.0000 -449912.0000 332875.0000 258405.0000 
-113232.0000 338705.0000 -482437.0000 2098.0000 353254.0000 -149579.0000 209795.0000 57826.0000 -465237.0000 -313318.0000 140321.0000 39751.0000 -73106.0000 387273.0000 238621.0000 272494.0000 426393.0000 -329999.0000 -182951.0000 363840.0000 246333.0000 34802.0000 -105071.0000 44219.0000 -176573.0000 -153537.0000 414514.0000 -128215.0000 -103449.0000 247389.0000 148689.0000 283319.0000 -395408.0000 166253.0000 303916.0000 457846.0000 -483327.0000 -467790.0000 -465830.0000 -448563.0000 -281108.0000 -307010.0000 -390313.0000 -335715.0000 -419737.0000 -133192.0000 -44722.0000 25155.0000 36809.0000 -209174.0000 
407494.0000 301641.0000 325628.0000 -197578.0000 -154141.0000 167554.0000 148885.0000 278873.0000 -460662.0000 63935.0000 -455240.0000 188027.0000 365753.0000 -350648.0000 372779.0000 169669.0000 125697.0000 -92048.0000 -279622.0000 -321634.0000 -40611.0000 457770.0000 -128643.0000 -412425.0000 -377946.0000 470120.0000 472883.0000 -404169.0000 -4726.0000 9691.0000 -113343.0000 -97233.0000 329831.0000 -287716.0000 -276312.0000 194190.0000 379838.0000 -108928.0000 -26938.0000 -62325.0000 455007.0000 17822.0000 144201.0000 320759.0000 -314327.0000 16980.0000 -491074.0000 311370.0000 424932.0000 -270696.0000 
489736.0000 402820.0000 -312927.0000 379592.0000 8894.0000 327627.0000 349711.0000 -18223.0000 -58043.0000 363484.0000 9967.0000 328614.0000 284750.0000 -160202.0000 59397.0000 26937.0000 -466013.0000 -60766.0000 418009.0000 -474452.0000 -104592.0000 373015.0000 43370.0000 -460391.0000 193774.0000 229043.0000 -424912.0000 -278801.0000 -441089.0000 -499981.0000 -49496.0000 67146.0000 -78662.0000 -343924.0000 -53262.0000 430232.0000 2203.0000 -203552.0000 430508.0000 444160.0000 178432.0000 -59525.0000 -208727.0000 -36819.0000 -201228.0000 350670.0000 490119.0000 351259.0000 308404.0000 -73374.0000 
376807.0000 -296189.0000 -200359.0000 438676.0000 261920.0000 11914.0000 -313783.0000 337008.0000 233113.0000 -254872.0000 -144474.0000 202116.0000 312274.0000 -204637.0000 -123308.0000 277511.0000 244095.0000 378895.0000 92459.0000 174602.0000 -158447.0000 -229110.0000 -384924.0000 132826.0000 -247430.0000 432348.0000 -16504.0000 261188.0000 283606.0000 310399.0000 -312186.0000 160412.0000 -485791.0000 -12545.0000 -382414.0000 -205371.0000 499369.0000 -196197.0000 -368364.0000 -249020.0000 -432570.0000 -494338.0000 453097.0000 379705.0000 -198975.0000 -170212.0000 -324286.0000 -454881.0000 227182.0000 268173.0000 
219722.0000 -431266.0000 -460938.0000 -146703.0000 -279940.0000 -208367.0000 304145.0000 -277945.0000 71320.0000 87750.0000 -467547.0000 259134.0000 266662.0000 65162.0000 -253412.0000 384248.0000 359791.0000 264456.0000 -311949.0000 9927.0000 -484564.0000 -244519.0000 15589.0000 -12968.0000 153685.0000 -164887.0000 316820.0000 329400.0000 398733.0000 44001.0000 97572.0000 -363047.0000 -368766.0000 -344866.0000 -9750.0000 369794.0000 -53233.0000 312894.0000 -408152.0000 -481914.0000 -99356.0000 142801.0000 -204280.0000 -332695.0000 -292037.0000 42308.0000 -448448.0000 86253.0000 325264.0000 258103.0000 
-403821.0000 -140801.0000 -486416.0000 -369733.0000 346231.0000 -314232.0000 -34619.0000 -318451.0000 -484833.0000 -135887.0000 -255951.0000 -368761.0000 1066.0000 393783.0000 -213627.0000 9815.0000 263577.0000 233140.0000 -177291.0000 -126076.0000 -230275.0000 -258148.0000 -483275.0000 65445.0000 -90843.0000 243188.0000 126253.0000 479209.0000 347940.0000 470016.0000 237312.0000 444120.0000 -170786.0000 -230605.0000 -425614.0000 193944.0000 -44837.0000 -441734.0000 375493.0000 488831.0000 440879.0000 -380459.0000 -379931.0000 -58056.0000 31823.0000 -93558.0000 -29741.0000 -204601.0000 158081.0000 -188533.0000 
169324.0000 427806.0000 53319.0000 -295452.0000 -488250.0000 -19025.0000 -33765.0000 -343498.0000 478683.0000 -185826.0000 -373483.0000 -265507.0000 276793.0000 474231.0000 -477613.0000 -130321.0000 168174.0000 -22449.0000 -72055.0000 -437835.0000 484881.0000 -131176.0000 200206.0000 -395051.0000 -170733.0000 -267972.0000 -470110.0000 -181975.0000 27428.0000 187971.0000 129492.0000 215251.0000 -365725.0000 201310.0000 -61702.0000 164525.0000 -317716.0000 -76968.0000 321027.0000 179467.0000 237206.0000 -33957.0000 413960.0000 -467502.0000 -59727.0000 436348.0000 -97823.0000 126946.0000 432398.0000 330122.0000 
189111.0000 417278.0000 217445.0000 -110684.0000 40726.0000 -453288.0000 121345.0000 70616.0000 383237.0000 167272.0000 277086.0000 12729.0000 401022.0000 411361.0000 232538.0000 357819.0000 75886.0000 -66678.0000 299350.0000 415412.0000 -387212.0000 36555.0000 -118545.0000 45247.0000 -412448.0000 -159773.0000 -18406.0000 -10271.0000 467174.0000 -86009.0000 -180149.0000 156284.0000 349768.0000 55795.0000 64100.0000 408993.0000 -378994.0000 203944.0000 498108.0000 -495757.0000 389715.0000 275193.0000 -464529.0000 -190765.0000 -294947.0000 268009.0000 -332947.0000 -200562.0000 -298670.0000 466403.0000 
-285151.0000 332618.0000 -478544.0000 -385197.0000 -122135.0000 -390991.0000 -44969.0000 359459.0000 -382763.0000 -77796.0000 291950.0000 455588.0000 96987.0000 -339784.0000 11383.0000 179586.0000 -430791.0000 132389.0000 -116471.0000 85816.0000 136632.0000 -226757.0000 -138991.0000 172103.0000 82478.0000 66062.0000 458612.0000 -231970.0000 -116001.0000 178441.0000 252932.0000 98848.0000 11059.0000 -207112.0000 213652.0000 388924.0000 420397.0000 187182.0000 -233119.0000 -462367.0000 127885.0000 77330.0000 493222.0000 -275129.0000 -243954.0000 4604.0000 404458.0000 343755.0000 155492.0000 306486.0000 
-70430.0000 -207876.0000 98229.0000 290579.0000 -17274.0000 199206.0000 375140.0000 -58663.0000 -14264.0000 -240862.0000 138278.0000 -261333.0000 -123514.0000 -350664.0000 -449946.0000 108637.0000 56759.0000 470451.0000 -204182.0000 323640.0000 26584.0000 423703.0000 419470.0000 -461696.0000 167073.0000 -324485.0000 -438593.0000 -409971.0000 -480731.0000 216899.0000 -84985.0000 -51161.0000 27522.0000 -486757.0000 257918.0000 -489752.0000 212449.0000 -348444.0000 470085.0000 -301816.0000 429195.0000 108362.0000 455352.0000 -194320.0000 -223803.0000 -494595.0000 414317.0000 332956.0000 -5644.0000 228634.0000 
-324905.0000 -479061.0000 -329165.0000 -405436.0000 -440757.0000 -143593.0000 288579.0000 -379350.0000 -53563.0000 -173653.0000 337549.0000 361452.0000 275186.0000 383571.0000 -106806.0000 -448398.0000 393819.0000 124142.0000 -296841.0000 -117598.0000 322327.0000 150853.0000 9264.0000 -203823.0000 456533.0000 285461.0000 -198418.0000 -110652.0000 -363084.0000 295938.0000 136481.0000 330511.0000 -164624.0000 307316.0000 -56426.0000 -105381.0000 -336278.0000 -267848.0000 -466232.0000 -371342.0000 58499.0000 -110183.0000 8609.0000 352184.0000 -226613.0000 401803.0000 403787.0000 185705.0000 25945.0000 125445.0000 
-431894.0000 366771.0000 -223703.0000 -404131.0000 -337053.0000 251329.0000 -100170.0000 483029.0000 159176.0000 36746.0000 278967.0000 -204344.0000 385756.0000 132842.0000 121471.0000 -170671.0000 -472539.0000 285193.0000 61481.0000 79729.0000 413852.0000 -380021.0000 469546.0000 440960.0000 -9338.0000 -257068.0000 342763.0000 -105552.0000 428637.0000 387207.0000 38392.0000 15243.0000 -227524.0000 -166812.0000 -370389.0000 -64577.0000 103016.0000 29441.0000 -81549.0000 -237809.0000 84686.0000 215917.0000 -423654.0000 -29559.0000 367259.0000 197817.0000 299770.0000 394720.0000 -498491.0000 379750.0000 
492948.0000 -66140.0000 18228.0000 462494.0000 -125181.0000 -491110.0000 223925.0000 236081.0000 421838.0000 152562.0000 123287.0000 478730.0000 186304.0000 395763.0000 -188083.0000 315915.0000 349685.0000 -66567.0000 363856.0000 286636.0000 -285877.0000 -51459.0000 -478949.0000 -209530.0000 -62518.0000 388310.0000 6786.0000 -262749.0000 -198472.0000 8295.0000 -382999.0000 -205524.0000 442155.0000 135229.0000 275469.0000 -183026.0000 -337382.0000 -607.0000 -446946.0000 -415544.0000 170454.0000 -305159.0000 -436815.0000 375257.0000 109103.0000 393602.0000 191172.0000 477288.0000 -172966.0000 55027.0000 
263923.0000 41158.0000 22067.0000 -196527.0000 -149873.0000 459549.0000 -308217.0000 356913.0000 215300.0000 -6689.0000 -134792.0000 -149200.0000 -193714.0000 -192638.0000 4528.0000 -418246.0000 -357165.0000 167147.0000 81148.0000 214390.0000 -229898.0000 270101.0000 -72270.0000 -166713.0000 145358.0000 -463168.0000 -273112.0000 -163471.0000 32619.0000 -427578.0000 -89945.0000 315041.0000 -367921.0000 -49379.0000 -381486.0000 -17794.0000 428670.0000 -189703.0000 -160882.0000 143969.0000 -177893.0000 204326.0000 13268.0000 128394.0000 30188.0000 -482205.0000 210148.0000 173023.0000 -296559.0000 309795.0000 
405912.0000 -26457.0000 79896.0000 -166359.0000 -174671.0000 -274747.0000 -129526.0000 -429283.0000 -419719.0000 -78408.0000 -356861.0000 -491165.0000 -263367.0000 -224782.0000 -40544.0000 -144853.0000 -224077.0000 -111875.0000 165444.0000 115041.0000 50593.0000 487551.0000 337867.0000 82360.0000 -365557.0000 -131946.0000 100156.0000 344592.0000 59576.0000 -177904.0000 154386.0000 -34512.0000 -185861.0000 252781.0000 299129.0000 139468.0000 478034.0000 188102.0000 -271316.0000 76814.0000 -390306.0000 390323.0000 85649.0000 -153673.0000 184040.0000 63605.0000 -280027.0000 459963.0000 -29771.0000 385417.0000 
75004.0000 -479178.0000 -108534.0000 -87130.0000 103182.0000 25910.0000 -200577.0000 221837.0000 389001.0000 358999.0000 62433.0000 -438115.0000 -175514.0000 376572.0000 314667.0000 -376385.0000 -465462.0000 -188801.0000 -169784.0000 -236777.0000 388014.0000 -60090.0000 -346455.0000 492162.0000 -195264.0000 337586.0000 55766.0000 24709.0000 -183953.0000 44495.0000 428625.0000 391051.0000 -416184.0000 -179909.0000 322420.0000 -294503.0000 -135500.0000 -378158.0000 427335.0000 -246500.0000 -659.0000 -491734.0000 -184615.0000 323827.0000 384838.0000 148551.0000 -34059.0000 419376.0000 459751.0000 296158.0000 
201098.0000 -133737.0000 254567.0000 354644.0000 376924.0000 77803.0000 -289272.0000 -67310.0000 121011.0000 -454726.0000 -4316.0000 49636.0000 -45175.0000 79500.0000 -111774.0000 -222756.0000 284997.0000 252726.0000 417587.0000 -269170.0000 24725.0000 -83073.0000 -260904.0000 340110.0000 259253.0000 -376067.0000 -11339.0000 243694.0000 61809.0000 466911.0000 -441650.0000 -237094.0000 -166827.0000 -168584.0000 136049.0000 -289904.0000 409219.0000 -134724.0000 -338715.0000 30230.0000 -89449.0000 156969.0000 98365.0000 365376.0000 254968.0000 486591.0000 161119.0000 39965.0000 239316.0000 78705.0000 
270795.0000 282540.0000 14131.0000 -490109.0000 122649.0000 291884.0000 152324.0000 129809.0000 35577.0000 -285868.0000 -384782.0000 93927.0000 -22961.0000 -51609.0000 -56158.0000 131587.0000 -323013.0000 -146939.0000 496864.0000 356772.0000 -98210.0000 -92586.0000 -467760.0000 -499846.0000 291289.0000 287208.0000 486745.0000 -47593.0000 -172828.0000 -255441.0000 49612.0000 -402033.0000 -472902.0000 82242.0000 126358.0000 -331754.0000 -125875.0000 -221319.0000 -183445.0000 -71799.0000 -7186.0000 -68227.0000 40627.0000 -11648.0000 -101336.0000 484470.0000 138438.0000 -405850.0000 -162470.0000 135301.0000 
450922.0000 -242181.0000 61214.0000 483162.0000 -242027.0000 -147498.0000 -211131.0000 -255283.0000 304910.0000 116041.0000 -492225.0000 373021.0000 -267493.0000 -465127.0000 -44738.0000 358865.0000 221619.0000 329388.0000 156046.0000 -461827.0000 276088.0000 167359.0000 488447.0000 -183285.0000 174210.0000 -112890.0000 -198816.0000 -187353.0000 -18740.0000 -342787.0000 447949.0000 450681.0000 -84968.0000 9162.0000 433843.0000 173005.0000 -119836.0000 -277289.0000 -63779.0000 -314927.0000 -142749.0000 462496.0000 76593.0000 -391742.0000 497369.0000 -468146.0000 467123.0000 -262514.0000 -120259.0000 -358333.0000 
294160.0000 -344171.0000 309026.0000 282606.0000 491044.0000 -16765.0000 188215.0000 -207773.0000 295883.0000 -330526.0000 467940.0000 -237670.0000 -379846.0000 401471.0000 -210009.0000 72496.0000 -407026.0000 170155.0000 -186294.0000 -452306.0000 -126273.0000 170958.0000 -489811.0000 450320.0000 279216.0000 26057.0000 674.0000 -235163.0000 263543.0000 380415.0000 425005.0000 -423799.0000 -463757.0000 234030.0000 358807.0000 -472714.0000 235765.0000 47021.0000 338013.0000 -449854.0000 -265006.0000 -175549.0000 -187524.0000 -144851.0000 244421.0000 -379034.0000 -53856.0000 337395.0000 291122.0000 259851.0000 
385089.0000 183348.0000 449308.0000 -86223.0000 -347833.0000 228523.0000 439834.0000 152841.0000 11859.0000 -278124.0000 33255.0000 -63137.0000 -201923.0000 -412002.0000 189393.0000 -343116.0000 133784.0000 -74843.0000 -277596.0000 490297.0000 493803.0000 -42601.0000 333247.0000 324778.0000 -168953.0000 77668.0000 445744.0000 277191.0000 -84938.0000 -244636.0000 -444460.0000 318651.0000 438713.0000 -495153.0000 -267573.0000 -409121.0000 -248131.0000 -327739.0000 -237781.0000 -217772.0000 -105863.0000 295474.0000 -262410.0000 -289287.0000 -98029.0000 426983.0000 -132403.0000 -464245.0000 370639.0000 -391499.0000 
-473949.0000 364441.0000 -415601.0000 359298.0000 -292283.0000 -84554.0000 455465.0000 -346539.0000 211136.0000 -129473.0000 -91175.0000 -214824.0000 207677.0000 366037.0000 -209977.0000 440104.0000 -24585.0000 -439608.0000 130864.0000 237634.0000 -157380.0000 43500.0000 33108.0000 80210.0000 254214.0000 435079.0000 -474308.0000 140310.0000 -10667.0000 -85170.0000 248811.0000 -466117.0000 297771.0000 333210.0000 393182.0000 -494513.0000 267155.0000 -132855.0000 -341052.0000 496791.0000 237672.0000 -413727.0000 -218034.0000 463848.0000 452310.0000 -409512.0000 403952.0000 -72275.0000 -349120.0000 -446686.0000 
-334642.0000 -488001.0000 -384686.0000 -283035.0000 -389291.0000 -111973.0000 170544.0000 -363599.0000 -471664.0000 -340124.0000 -430270.0000 -204353.0000 212260.0000 367501.0000 147356.0000 -376060.0000 372989.0000 433011.0000 -8915.0000 -468064.0000 429801.0000 -271243.0000 136709.0000 -288234.0000 -307396.0000 89019.0000 320754.0000 115055.0000 35243.0000 471635.0000 -313131.0000 -280900.0000 2133.0000 -197817.0000 454566.0000 112842.0000 -291291.0000 125109.0000 -232258.0000 -262955.0000 -196516.0000 -162527.0000 -448809.0000 -484257.0000 -295027.0000 -282953.0000 158183.0000 96461.0000 -349943.0000 -350732.0000 
-353103.0000 98357.0000 -121975.0000 283606.0000 -171378.0000 -410872.0000 391124.0000 -350625.0000 -277317.0000 -73634.0000 139509.0000 428052.0000 -336034.0000 -358358.0000 -269766.0000 -381469.0000 -227017.0000 457443.0000 -237861.0000 40726.0000 212987.0000 -415878.0000 -103302.0000 264179.0000 118366.0000 101671.0000 -275.0000 -223452.0000 216632.0000 149782.0000 -74184.0000 363529.0000 266638.0000 -177660.0000 147134.0000 -404741.0000 -88531.0000 38258.0000 -255366.0000 -347349.0000 -16877.0000 -97357.0000 -419298.0000 147089.0000 44285.0000 329436.0000 -215881.0000 317268.0000 286878.0000 46258.0000 
376493.0000 -136.0000 130381.0000 -226810.0000 282542.0000 267246.0000 -106639.0000 -217734.0000 -456207.0000 -390008.0000 -49453.0000 -30390.0000 -7980.0000 -282816.0000 -189551.0000 157653.0000 -187557.0000 221918.0000 214410.0000 -424423.0000 -106932.0000 -302467.0000 -21780.0000 -26230.0000 -136879.0000 41004.0000 321705.0000 147241.0000 376771.0000 -372919.0000 211998.0000 253264.0000 126946.0000 360878.0000 44953.0000 427987.0000 128123.0000 -43187.0000 -289747.0000 -309584.0000 -414696.0000 160800.0000 -321475.0000 77324.0000 377985.0000 -11026.0000 -265023.0000 208927.0000 229392.0000 449387.0000 
-196997.0000 -377541.0000 165419.0000 -200278.0000 -385271.0000 -471460.0000 340726.0000 436434.0000 -305720.0000 -264004.0000 -436485.0000 -75223.0000 7759.0000 -291040.0000 -214345.0000 71211.0000 -363054.0000 -67723.0000 -471976.0000 365699.0000 122693.0000 -386672.0000 -455002.0000 301218.0000 190653.0000 -58518.0000 -209808.0000 425630.0000 -349592.0000 -480417.0000 -106485.0000 471912.0000 160542.0000 -441066.0000 -228367.0000 275271.0000 105974.0000 130859.0000 -269796.0000 300254.0000 366855.0000 312219.0000 -274970.0000 393113.0000 39678.0000 -470816.0000 -35677.0000 -304877.0000 -38538.0000 -7653.0000 
-439178.0000 -415846.0000 105676.0000 -394180.0000 -96128.0000 314828.0000 47302.0000 -287437.0000 -241044.0000 -283791.0000 -267854.0000 152471.0000 -311880.0000 -88813.0000 -270096.0000 -40246.0000 -313542.0000 335878.0000 -409388.0000 435162.0000 -345370.0000 -24034.0000 247380.0000 -120339.0000 -130922.0000 -212943.0000 -91155.0000 -148100.0000 -17820.0000 -111194.0000 -137253.0000 -438499.0000 491461.0000 -13078.0000 -332679.0000 -104668.0000 -198251.0000 -266878.0000 107895.0000 -420796.0000 -50668.0000 -141460.0000 231675.0000 137452.0000 -211774.0000 -19921.0000 -402795.0000 -25316.0000 -184044.0000 206317.0000 
-90155.0000 -29413.0000 200782.0000 175724.0000 -131253.0000 88359.0000 -18720.0000 -203909.0000 440260.0000 -18040.0000 184898.0000 -196994.0000 43461.0000 176358.0000 289928.0000 210783.0000 90189.0000 110176.0000 -37596.0000 216583.0000 189380.0000 411736.0000 93622.0000 439554.0000 49188.0000 381848.0000 -80368.0000 -335108.0000 375032.0000 235589.0000 -110291.0000 303376.0000 224675.0000 -409510.0000 -20900.0000 -406579.0000 -302651.0000 -21121.0000 -110488.0000 -362392.0000 460839.0000 92909.0000 459114.0000 4300.0000 -230734.0000 -232460.0000 233582.0000 -122046.0000 -103785.0000 -304015.0000 
-405464.0000 -414406.0000 -392279.0000 -293343.0000 43647.0000 -324592.0000 -411495.0000 463280.0000 358800.0000 463537.0000 -282633.0000 -251492.0000 266912.0000 442042.0000 357499.0000 264511.0000 53962.0000 -445153.0000 -256610.0000 -38027.0000 -307545.0000 222728.0000 -445118.0000 170068.0000 -272973.0000 342648.0000 -43893.0000 -20892.0000 -279398.0000 352322.0000 -306407.0000 333638.0000 437916.0000 319814.0000 -459705.0000 -18438.0000 495222.0000 -371200.0000 463341.0000 354021.0000 110836.0000 199207.0000 121029.0000 396247.0000 141248.0000 -21473.0000 -320743.0000 213709.0000 33374.0000 441147.0000 
-324318.0000 -255672.0000 163874.0000 249064.0000 414396.0000 -90599.0000 91711.0000 -129498.0000 388509.0000 -169188.0000 -277177.0000 100601.0000 -335550.0000 179238.0000 -79586.0000 -295255.0000 179299.0000 -84365.0000 352045.0000 -338861.0000 288156.0000 -37120.0000 360346.0000 -90816.0000 377626.0000 -479907.0000 387711.0000 -443118.0000 233802.0000 439584.0000 498029.0000 -72017.0000 -316089.0000 161903.0000 -322954.0000 116806.0000 89803.0000 268758.0000 487308.0000 496811.0000 -400431.0000 228630.0000 97412.0000 282519.0000 426367.0000 -482175.0000 5763.0000 -375836.0000 451961.0000 -142193.0000 
-214697.0000 240116.0000 -160814.0000 164149.0000 167799.0000 -283188.0000 184242.0000 -425992.0000 292194.0000 436543.0000 -486409.0000 290223.0000 -135474.0000 -302498.0000 470625.0000 -439929.0000 -167193.0000 60427.0000 -152672.0000 338614.0000 57237.0000 -53102.0000 -414258.0000 -345352.0000 247916.0000 -487892.0000 190974.0000 -246321.0000 154772.0000 142934.0000 111486.0000 -41425.0000 -116951.0000 -30828.0000 -377277.0000 69347.0000 185984.0000 -174536.0000 143355.0000 -21823.0000 -237994.0000 -324555.0000 286899.0000 -354969.0000 391447.0000 -223978.0000 -294897.0000 -275747.0000 -145052.0000 52431.0000 
-437134.0000 412186.0000 17828.0000 -351392.0000 85333.0000 284244.0000 179216.0000 -223694.0000 -462078.0000 -166013.0000 419240.0000 -332093.0000 292562.0000 320788.0000 137079.0000 -66216.0000 -109866.0000 341562.0000 -222253.0000 51988.0000 338239.0000 -441747.0000 227433.0000 -356364.0000 -296716.0000 118879.0000 -80341.0000 426887.0000 343132.0000 274607.0000 497818.0000 405998.0000 -294709.0000 -465856.0000 -445395.0000 290625.0000 318388.0000 -247680.0000 85430.0000 356310.0000 86308.0000 -476831.0000 42717.0000 397369.0000 343957.0000 -320205.0000 349653.0000 252591.0000 39857.0000 -372601.0000 
-195422.0000 -121905.0000 204152.0000 -467989.0000 -459770.0000 407437.0000 -330611.0000 -40111.0000 -147178.0000 -487479.0000 -265504.0000 -149361.0000 -62982.0000 -60213.0000 403284.0000 -489877.0000 248911.0000 221671.0000 -237557.0000 352841.0000 -403520.0000 348751.0000 376010.0000 139197.0000 -235381.0000 219966.0000 -162509.0000 -385729.0000 491056.0000 377348.0000 260170.0000 -204366.0000 273942.0000 -35678.0000 346145.0000 314173.0000 390258.0000 -484467.0000 292561.0000 261579.0000 46554.0000 45556.0000 130718.0000 483573.0000 485344.0000 34001.0000 493696.0000 -247247.0000 -244329.0000 -243862.0000 
-394407.0000 370651.0000 123389.0000 481603.0000 9847.0000 -93493.0000 -279932.0000 -134162.0000 -460723.0000 -288877.0000 261685.0000 -182054.0000 -474744.0000 -445874.0000 282268.0000 371401.0000 -113202.0000 -308976.0000 -94566.0000 -320642.0000 452604.0000 451988.0000 224915.0000 -398180.0000 435560.0000 -271243.0000 135821.0000 -52246.0000 -499991.0000 -90009.0000 -277608.0000 -394397.0000 -219358.0000 -135720.0000 105705.0000 -191012.0000 270787.0000 -155728.0000 -306675.0000 310064.0000 -426105.0000 455011.0000 -371991.0000 -400849.0000 27636.0000 -71223.0000 -10948.0000 414434.0000 -361700.0000 394486.0000 
112291.0000 109403.0000 -135028.0000 -162795.0000 211223.0000 319032.0000 -415539.0000 -152957.0000 -233215.0000 -415529.0000 -224466.0000 -492324.0000 208574.0000 56176.0000 -128044.0000 -185722.0000 -116337.0000 161242.0000 -322950.0000 76989.0000 -28695.0000 -249055.0000 -449502.0000 -382186.0000 -149904.0000 78134.0000 -434910.0000 339148.0000 -7433.0000 221890.0000 -247868.0000 -395143.0000 -168707.0000 -364396.0000 460563.0000 -457485.0000 454636.0000 -454977.0000 408059.0000 -278580.0000 147994.0000 -316408.0000 -270903.0000 -143433.0000 -241733.0000 -380448.0000 -310655.0000 141930.0000 280795.0000 -133605.0000 
237418.0000 270599.0000 -364161.0000 287916.0000 -93088.0000 -14065.0000 384549.0000 490502.0000 343583.0000 -122885.0000 212392.0000 114214.0000 -499528.0000 -456316.0000 249818.0000 -20466.0000 104699.0000 204453.0000 24557.0000 12757.0000 -55627.0000 191051.0000 196349.0000 -308031.0000 66117.0000 -26885.0000 -188479.0000 255462.0000 -384955.0000 110815.0000 140356.0000 -129038.0000 -118586.0000 276195.0000 -341122.0000 288326.0000 280630.0000 -456574.0000 -202673.0000 -357289.0000 439042.0000 -490282.0000 256925.0000 -41987.0000 -446598.0000 6743.0000 437547.0000 -323400.0000 229695.0000 480603.0000 
189358.0000 -325933.0000 171653.0000 404206.0000 384536.0000 -262230.0000 -122679.0000 214557.0000 11731.0000 -7634.0000 -174629.0000 170587.0000 363328.0000 206785.0000 -53219.0000 40705.0000 -486390.0000 245910.0000 -397369.0000 -189063.0000 388621.0000 60172.0000 339155.0000 145546.0000 -481816.0000 -88944.0000 170788.0000 455731.0000 87656.0000 418982.0000 -45168.0000 -222987.0000 111549.0000 144985.0000 -318781.0000 -3916.0000 382755.0000 58540.0000 -289360.0000 412985.0000 69405.0000 36012.0000 83571.0000 451232.0000 261296.0000 48852.0000 -489564.0000 -206595.0000 313261.0000 -386933.0000 
104342.0000 201882.0000 -308262.0000 461996.0000 365927.0000 -290078.0000 -126949.0000 -444787.0000 184152.0000 460708.0000 474195.0000 -361017.0000 -262280.0000 -395758.0000 283968.0000 437439.0000 100327.0000 -314779.0000 -4022.0000 -170534.0000 116706.0000 83882.0000 365478.0000 218776.0000 -446387.0000 -354727.0000 286127.0000 -435951.0000 -61322.0000 99388.0000 195616.0000 61520.0000 -198731.0000 387354.0000 23515.0000 185695.0000 115775.0000 396567.0000 240908.0000 -200074.0000 357274.0000 -266399.0000 457409.0000 113493.0000 -162156.0000 -240124.0000 50932.0000 -43330.0000 463597.0000 65409.0000 
286136.0000 -401199.0000 -350709.0000 -329887.0000 317578.0000 -297096.0000 -184614.0000 103704.0000 -233047.0000 254064.0000 -296909.0000 -18932.0000 334083.0000 -477141.0000 -131579.0000 -142402.0000 -272947.0000 484196.0000 -245836.0000 -13540.0000 302621.0000 129937.0000 -261439.0000 260029.0000 -256571.0000 76405.0000 38404.0000 294361.0000 -466926.0000 2001.0000 -140230.0000 -162291.0000 100802.0000 -472440.0000 7822.0000 436879.0000 -269536.0000 -158293.0000 40583.0000 -484084.0000 114271.0000 -237827.0000 -484517.0000 -51647.0000 303533.0000 -116096.0000 305951.0000 49085.0000 386599.0000 78614.0000 
-464455.0000 189219.0000 227050.0000 -225894.0000 467747.0000 470480.0000 -130990.0000 6151.0000 -216661.0000 420584.0000 26651.0000 143109.0000 -241708.0000 145952.0000 -310832.0000 -215386.0000 82831.0000 438132.0000 126321.0000 141913.0000 -27453.0000 -259409.0000 -77415.0000 -11970.0000 188945.0000 244617.0000 371934.0000 -486606.0000 -206298.0000 -222969.0000 92009.0000 347747.0000 466250.0000 -180942.0000 140352.0000 433997.0000 308037.0000 -490639.0000 458647.0000 -408624.0000 -51556.0000 -14703.0000 -247016.0000 206736.0000 149748.0000 -57847.0000 491350.0000 251078.0000 -119716.0000 117671.0000 
-107010.0000 -128669.0000 -123239.0000 -165925.0000 359361.0000 -434295.0000 -421309.0000 -250206.0000 97600.0000 390893.0000 26825.0000 -310392.0000 -242862.0000 -6925.0000 -472835.0000 397490.0000 445571.0000 -146298.0000 -74650.0000 404217.0000 -54922.0000 373794.0000 408013.0000 -283439.0000 -400971.0000 -423741.0000 -322787.0000 -409622.0000 327338.0000 -424003.0000 -273452.0000 238827.0000 -52672.0000 -378191.0000 -427099.0000 -193312.0000 -312486.0000 170093.0000 56482.0000 285114.0000 -420516.0000 -416693.0000 -6779.0000 -163377.0000 -405119.0000 -461114.0000 252612.0000 -459549.0000 411088.0000 196462.0000 
-36833.0000 374665.0000 70255.0000 389679.0000 -408775.0000 169284.0000 465938.0000 -231561.0000 -221838.0000 293275.0000 -155564.0000 -476791.0000 32102.0000 291764.0000 -354982.0000 -376498.0000 116951.0000 351033.0000 293595.0000 -326567.0000 -345355.0000 -108421.0000 275240.0000 -333634.0000 -253299.0000 370121.0000 -294748.0000 499313.0000 -70929.0000 134839.0000 195774.0000 -89263.0000 9503.0000 284529.0000 -199585.0000 100728.0000 472312.0000 284852.0000 -112334.0000 -249527.0000 78127.0000 232102.0000 292183.0000 128728.0000 -457636.0000 -44300.0000 252230.0000 159316.0000 -193268.0000 -435676.0000 
332749.0000 -38622.0000 -44097.0000 -373513.0000 127744.0000 202604.0000 15107.0000 -148505.0000 201916.0000 -37323.0000 486334.0000 416190.0000 373414.0000 -4164.0000 200718.0000 192328.0000 115063.0000 -308472.0000 -22821.0000 -497271.0000 -57998.0000 73805.0000 -246670.0000 252684.0000 -297468.0000 -204305.0000 -291617.0000 454763.0000 455011.0000 -466385.0000 -480914.0000 -193742.0000 -5007.0000 -25011.0000 -67255.0000 141236.0000 -322408.0000 -33649.0000 11230.0000 -101993.0000 429028.0000 -483938.0000 332696.0000 -179060.0000 -469603.0000 -448088.0000 -486733.0000 145460.0000 -256559.0000 -491055.0000 
-333312.0000 -296058.0000 82751.0000 -79981.0000 456626.0000 285283.0000 215714.0000 -334992.0000 -241456.0000 -310777.0000 217123.0000 -222370.0000 -4519.0000 -287885.0000 -228882.0000 -53275.0000 -128150.0000 467210.0000 413076.0000 -98421.0000 -134783.0000 342103.0000 -82359.0000 216412.0000 181542.0000 466538.0000 268325.0000 194809.0000 111998.0000 -488235.0000 203754.0000 -202815.0000 -284293.0000 305004.0000 217204.0000 190832.0000 90287.0000 451417.0000 -125661.0000 348831.0000 -359361.0000 -408538.0000 144961.0000 136120.0000 322077.0000 416079.0000 -417156.0000 -306073.0000 383289.0000 14419.0000 
-385995.0000 267005.0000 375021.0000 31647.0000 -16584.0000 56562.0000 -1816.0000 -248260.0000 -248630.0000 128681.0000 282005.0000 -26376.0000 425867.0000 497712.0000 297127.0000 -338431.0000 -292958.0000 -112587.0000 -387014.0000 81382.0000 254744.0000 -246375.0000 172844.0000 -100296.0000 -91755.0000 -5080.0000 334282.0000 -490412.0000 188847.0000 -263931.0000 -457493.0000 -178648.0000 -496927.0000 417528.0000 352999.0000 -495011.0000 -25910.0000 369682.0000 275229.0000 -256041.0000 -483138.0000 -424267.0000 -263918.0000 -38772.0000 91944.0000 -466791.0000 122797.0000 298987.0000 439122.0000 -245718.0000 
-119632.0000 -287636.0000 7908.0000 -446789.0000 -369433.0000 -65348.0000 48131.0000 464850.0000 462740.0000 255478.0000 219418.0000 -494754.0000 -423171.0000 -259009.0000 422775.0000 -51673.0000 -254020.0000 415364.0000 336508.0000 39708.0000 -340678.0000 353370.0000 115441.0000 413905.0000 -185403.0000 -292615.0000 447114.0000 437395.0000 -493629.0000 -95266.0000 -308324.0000 -113261.0000 117099.0000 -281917.0000 458450.0000 247666.0000 -328766.0000 6580.0000 -268986.0000 -366026.0000 -237943.0000 450433.0000 157720.0000 357386.0000 -308577.0000 80494.0000 -194288.0000 -62597.0000 -4143.0000 -357780.0000 
-4390.0000 -326321.0000 14089.0000 -388949.0000 -412417.0000 328687.0000 336936.0000 53196.0000 -215420.0000 343307.0000 457930.0000 494756.0000 248545.0000 75028.0000 -287161.0000 206994.0000 -177306.0000 402573.0000 232073.0000 -427793.0000 -463454.0000 12630.0000 -477361.0000 -287234.0000 -129985.0000 -285938.0000 293260.0000 -305773.0000 -330036.0000 307617.0000 354947.0000 165575.0000 481296.0000 -130965.0000 -204875.0000 87378.0000 -302279.0000 -367940.0000 -359427.0000 -499200.0000 -6134.0000 -401498.0000 495557.0000 260910.0000 -307970.0000 226895.0000 -32097.0000 -466777.0000 129467.0000 218475.0000 
-394570.0000 -315487.0000 -268896.0000 -371930.0000 -102721.0000 -380381.0000 360632.0000 209038.0000 -186154.0000 -469404.0000 16654.0000 -331208.0000 -285330.0000 -483552.0000 37827.0000 9795.0000 103826.0000 -245952.0000 141855.0000 -237102.0000 -245152.0000 154220.0000 379901.0000 -249596.0000 -84871.0000 -428070.0000 477299.0000 -98469.0000 -394847.0000 -374735.0000 -379995.0000 229083.0000 -190222.0000 369610.0000 357153.0000 -274444.0000 489229.0000 217785.0000 434594.0000 -196926.0000 -233120.0000 -48752.0000 490366.0000 -18450.0000 486196.0000 -453309.0000 491345.0000 -391479.0000 -199261.0000 -348302.0000 
-128581.0000 -425913.0000 305918.0000 -248681.0000 -175509.0000 239546.0000 341749.0000 320290.0000 -358924.0000 -34599.0000 -35946.0000 279581.0000 -305516.0000 273832.0000 149190.0000 70136.0000 499388.0000 138418.0000 306420.0000 -47520.0000 -40009.0000 -426701.0000 -77773.0000 468856.0000 54849.0000 -91577.0000 -484453.0000 -435308.0000 16944.0000 -183714.0000 -283610.0000 -93138.0000 408873.0000 40807.0000 -323319.0000 251864.0000 -219648.0000 -481571.0000 72153.0000 439928.0000 -497670.0000 54706.0000 219509.0000 -303186.0000 -171463.0000 387198.0000 266950.0000 346424.0000 -455885.0000 -408131.0000 
317403.0000 4106.0000 -334832.0000 -260370.0000 -27038.0000 220018.0000 148053.0000 -492992.0000 284710.0000 -335004.0000 -176706.0000 19600.0000 -409643.0000 -267833.0000 -439594.0000 -232962.0000 484031.0000 359259.0000 303968.0000 -425318.0000 299186.0000 306298.0000 129388.0000 -462807.0000 -496889.0000 -23576.0000 424392.0000 -211440.0000 341347.0000 -12994.0000 -119571.0000 158749.0000 491112.0000 -435903.0000 398379.0000 482573.0000 -197386.0000 -435070.0000 489581.0000 105823.0000 248426.0000 331375.0000 -374578.0000 338784.0000 82041.0000 204329.0000 -394179.0000 -415430.0000 63587.0000 -71712.0000 
177752.0000 381272.0000 -265415.0000 325639.0000 418466.0000 256196.0000 320562.0000 -138644.0000 -455244.0000 161908.0000 348362.0000 443685.0000 339156.0000 -142028.0000 -492219.0000 -243966.0000 359045.0000 -189605.0000 339464.0000 -132876.0000 416219.0000 87890.0000 216998.0000 60140.0000 445173.0000 317538.0000 -235532.0000 69493.0000 -79393.0000 -153446.0000 497782.0000 -401642.0000 246326.0000 -267634.0000 -57504.0000 -316710.0000 488563.0000 -236943.0000 -436855.0000 51818.0000 -56536.0000 411507.0000 -485999.0000 -217380.0000 287978.0000 40283.0000 -442847.0000 -334479.0000 -130823.0000 396617.0000 
-448855.0000 303895.0000 -496995.0000 268143.0000 -135965.0000 448178.0000 -395820.0000 -352998.0000 17671.0000 24787.0000 -487944.0000 15452.0000 -358355.0000 258382.0000 -233683.0000 84141.0000 441672.0000 -245121.0000 347199.0000 -495184.0000 -174804.0000 -209338.0000 -65178.0000 -160802.0000 -408219.0000 241299.0000 379481.0000 167434.0000 -74680.0000 -251343.0000 -417450.0000 -23535.0000 -447448.0000 -414445.0000 263107.0000 435087.0000 -466267.0000 367287.0000 100588.0000 51404.0000 410574.0000 112644.0000 85355.0000 -447782.0000 389525.0000 351672.0000 136359.0000 331196.0000 125051.0000 -16443.0000 
-145489.0000 450247.0000 -207281.0000 -192168.0000 -210556.0000 -115500.0000 -450869.0000 187424.0000 70434.0000 -25549.0000 436082.0000 152984.0000 -30585.0000 7133.0000 238539.0000 -267479.0000 460719.0000 272272.0000 118308.0000 61306.0000 342175.0000 28881.0000 -326050.0000 446029.0000 81099.0000 -436526.0000 297701.0000 -282543.0000 -86830.0000 -77249.0000 -280486.0000 -213820.0000 391497.0000 12233.0000 94013.0000 -319059.0000 -84768.0000 -338357.0000 -113136.0000 485666.0000 -345407.0000 341445.0000 138649.0000 -357493.0000 -151423.0000 -122812.0000 -124972.0000 327795.0000 167959.0000 493336.0000 
-110899.0000 -471367.0000 -459285.0000 -418450.0000 -6839.0000 121814.0000 163524.0000 309361.0000 -142229.0000 -423307.0000 -267889.0000 77285.0000 381374.0000 142108.0000 108017.0000 493886.0000 323049.0000 -476752.0000 -344472.0000 -290088.0000 -491086.0000 328621.0000 69857.0000 -333938.0000 471128.0000 418434.0000 -438251.0000 364655.0000 -235272.0000 -251792.0000 -123510.0000 153829.0000 295341.0000 -82795.0000 -246122.0000 -211499.0000 57519.0000 417402.0000 -402138.0000 415290.0000 12595.0000 348473.0000 -488927.0000 -106032.0000 -9420.0000 119090.0000 -112147.0000 332128.0000 142338.0000 -438120.0000 
60540.0000 -330249.0000 -91000.0000 -369604.0000 354314.0000 -119873.0000 67329.0000 416063.0000 263281.0000 332057.0000 182770.0000 -360230.0000 -495616.0000 -21890.0000 -424525.0000 -241738.0000 -214889.0000 132994.0000 194164.0000 -117027.0000 -433218.0000 -293242.0000 249945.0000 -422145.0000 -380775.0000 -259475.0000 196945.0000 -474423.0000 -427348.0000 357782.0000 105957.0000 -348309.0000 46033.0000 -485044.0000 -217913.0000 418846.0000 413583.0000 349417.0000 -146593.0000 176863.0000 -300028.0000 -463823.0000 316634.0000 -295643.0000 -467214.0000 392109.0000 481119.0000 -182103.0000 -456399.0000 175282.0000 
200870.0000 -389617.0000 -99461.0000 469315.0000 -311762.0000 19764.0000 -290161.0000 -96318.0000 45341.0000 300991.0000 279963.0000 -348703.0000 452683.0000 344495.0000 184753.0000 253269.0000 263340.0000 98335.0000 -378816.0000 -383253.0000 -224802.0000 -178843.0000 -347076.0000 110331.0000 -455987.0000 204210.0000 2439.0000 -474869.0000 -477893.0000 46040.0000 -281087.0000 -258524.0000 -325078.0000 119452.0000 -289210.0000 -136840.0000 -360784.0000 439129.0000 -214659.0000 -296944.0000 240120.0000 -434697.0000 372854.0000 -288699.0000 409799.0000 -423895.0000 464570.0000 173138.0000 174441.0000 -414246.0000 
-191616.0000 449639.0000 425411.0000 479808.0000 59969.0000 469424.0000 184018.0000 80907.0000 13054.0000 206125.0000 145446.0000 231967.0000 -33900.0000 320368.0000 -148581.0000 176891.0000 202027.0000 -490866.0000 116019.0000 487368.0000 230690.0000 374638.0000 -447330.0000 -377958.0000 -414062.0000 -19032.0000 -301852.0000 -449492.0000 -345894.0000 372589.0000 154762.0000 -37510.0000 -159274.0000 80172.0000 -57702.0000 -80806.0000 -431906.0000 144815.0000 18600.0000 81148.0000 -149061.0000 182545.0000 331615.0000 317039.0000 2912.0000 -316967.0000 -487572.0000 223438.0000 210667.0000 128448.0000 
210805.0000 -58644.0000 -478416.0000 -218026.0000 63399.0000 -392477.0000 262943.0000 -219954.0000 176531.0000 417049.0000 -347366.0000 -168708.0000 398038.0000 -488141.0000 -70037.0000 358835.0000 -68947.0000 -483444.0000 3649.0000 -31848.0000 -383797.0000 -126913.0000 -349304.0000 447818.0000 208626.0000 153608.0000 149350.0000 221054.0000 -122955.0000 -139984.0000 368001.0000 106349.0000 -180128.0000 -91915.0000 388323.0000 -98230.0000 15608.0000 151265.0000 181816.0000 -307862.0000 -413188.0000 -147051.0000 -458071.0000 3350.0000 -135192.0000 490392.0000 380684.0000 -185640.0000 -493053.0000 402833.0000 
282512.0000 -376850.0000 294419.0000 433208.0000 89468.0000 3044.0000 -394686.0000 -261183.0000 242598.0000 -499142.0000 98834.0000 -370903.0000 107207.0000 -62795.0000 37182.0000 -485972.0000 338975.0000 71289.0000 -316207.0000 20790.0000 263427.0000 289105.0000 -107762.0000 -176145.0000 310954.0000 257046.0000 -185754.0000 191638.0000 89905.0000 339693.0000 -387031.0000 -127584.0000 -18657.0000 407388.0000 324123.0000 -429190.0000 428932.0000 429437.0000 328127.0000 -309972.0000 -51206.0000 445460.0000 337625.0000 74500.0000 -117336.0000 393307.0000 -392973.0000 -278362.0000 -35405.0000 -209180.0000 
-239073.0000 246522.0000 98425.0000 -328336.0000 -429624.0000 -90622.0000 428710.0000 403123.0000 119515.0000 -462887.0000 -238686.0000 232484.0000 428029.0000 -238844.0000 -341629.0000 252151.0000 350466.0000 105802.0000 -299914.0000 178593.0000 295830.0000 148880.0000 124052.0000 133454.0000 241879.0000 25216.0000 26760.0000 348907.0000 246854.0000 9855.0000 158226.0000 26281.0000 -243624.0000 -243350.0000 197945.0000 345252.0000 166029.0000 -354846.0000 -233127.0000 304043.0000 -317733.0000 28188.0000 -444974.0000 -389704.0000 289344.0000 -286603.0000 -119054.0000 -341691.0000 319199.0000 81033.0000 
336902.0000 -366473.0000 248412.0000 479453.0000 -214520.0000 -491210.0000 4668.0000 -169260.0000 357697.0000 270022.0000 340595.0000 15922.0000 -203698.0000 -403030.0000 -208928.0000 12746.0000 -39279.0000 -24400.0000 -323601.0000 227595.0000 -220358.0000 377167.0000 274282.0000 -165332.0000 5962.0000 -417876.0000 -433436.0000 386908.0000 -259567.0000 -95738.0000 486440.0000 -422666.0000 -443712.0000 -246649.0000 -443213.0000 -158231.0000 -237859.0000 61455.0000 172509.0000 138337.0000 -168524.0000 13103.0000 172758.0000 -353723.0000 -371428.0000 463830.0000 -322477.0000 89293.0000 457929.0000 -146078.0000 
-183113.0000 256071.0000 249588.0000 109668.0000 109238.0000 -244451.0000 191793.0000 175803.0000 160957.0000 432226.0000 98564.0000 147396.0000 -490440.0000 154853.0000 -80754.0000 84847.0000 496622.0000 -300114.0000 164801.0000 -312371.0000 338223.0000 14777.0000 200732.0000 -470520.0000 -320447.0000 -152197.0000 11809.0000 -142924.0000 437096.0000 -30262.0000 -270502.0000 272483.0000 -274192.0000 479086.0000 -117850.0000 335046.0000 253135.0000 -426058.0000 -470653.0000 -85909.0000 24668.0000 -353589.0000 79986.0000 34228.0000 301264.0000 499233.0000 137574.0000 -183616.0000 -300882.0000 -197626.0000 
4013.0000 55841.0000 -164350.0000 223244.0000 85321.0000 15204.0000 -428954.0000 -402871.0000 372280.0000 26641.0000 -414634.0000 120277.0000 317623.0000 329674.0000 -382138.0000 218273.0000 -316781.0000 370997.0000 -189286.0000 -287434.0000 -214913.0000 335382.0000 -141023.0000 365073.0000 388109.0000 178740.0000 -117196.0000 25682.0000 495124.0000 81923.0000 -153444.0000 -482365.0000 156263.0000 182206.0000 240879.0000 -258417.0000 -302591.0000 -169576.0000 357212.0000 88189.0000 357066.0000 -38922.0000 -291535.0000 174688.0000 -209249.0000 344827.0000 -107040.0000 -26030.0000 215823.0000 203675.0000 
-294964.0000 19409.0000 -442445.0000 64013.0000 402982.0000 445665.0000 261253.0000 -214215.0000 -28654.0000 -225125.0000 -113793.0000 -163599.0000 -207489.0000 -457531.0000 -481393.0000 51889.0000 302552.0000 -283984.0000 382314.0000 159764.0000 -177296.0000 239379.0000 -379159.0000 -450331.0000 432566.0000 430092.0000 394496.0000 344026.0000 -95938.0000 -371182.0000 47700.0000 109098.0000 -333274.0000 105255.0000 191610.0000 -430293.0000 -430582.0000 -47138.0000 373993.0000 40765.0000 -253763.0000 -239801.0000 -104335.0000 38748.0000 321169.0000 -85728.0000 -409364.0000 123720.0000 -351212.0000 -8551.0000 
301983.0000 -28508.0000 249327.0000 422824.0000 -460340.0000 181893.0000 -128585.0000 434157.0000 25918.0000 275477.0000 81474.0000 92117.0000 403074.0000 248200.0000 215871.0000 94683.0000 317908.0000 285290.0000 66045.0000 191900.0000 344554.0000 312282.0000 -29402.0000 -259782.0000 369529.0000 -208234.0000 154491.0000 -21336.0000 415487.0000 303279.0000 470114.0000 217469.0000 293270.0000 219440.0000 -341208.0000 332931.0000 419832.0000 -451294.0000 -214414.0000 -54251.0000 324183.0000 367060.0000 -462135.0000 -254245.0000 -366242.0000 253737.0000 -141063.0000 451666.0000 39026.0000 424982.0000 
-337936.0000 -116421.0000 -244238.0000 132663.0000 -357704.0000 143790.0000 -57072.0000 296787.0000 -377546.0000 376914.0000 -381436.0000 111067.0000 -387118.0000 -69666.0000 349006.0000 290174.0000 281764.0000 268838.0000 338880.0000 -432651.0000 -285414.0000 -318439.0000 -47092.0000 270952.0000 -72684.0000 86666.0000 -456813.0000 286253.0000 -443169.0000 82213.0000 -270266.0000 -281105.0000 -15709.0000 -496005.0000 -129943.0000 126587.0000 147786.0000 -168515.0000 441874.0000 -211261.0000 -291602.0000 78937.0000 399806.0000 -178720.0000 -490730.0000 248811.0000 129953.0000 291034.0000 -463853.0000 -31168.0000 
-123118.0000 -249266.0000 150393.0000 329790.0000 40185.0000 96208.0000 434956.0000 83372.0000 -117539.0000 491787.0000 184084.0000 -369306.0000 229181.0000 -331626.0000 153189.0000 -400762.0000 -186540.0000 319474.0000 449223.0000 273833.0000 -391788.0000 -342380.0000 -147230.0000 26517.0000 497401.0000 380540.0000 293828.0000 127353.0000 171574.0000 329975.0000 114685.0000 -451545.0000 -419292.0000 -234923.0000 -103255.0000 -360608.0000 -120215.0000 -168300.0000 222764.0000 -219255.0000 341986.0000 -93153.0000 -88561.0000 71166.0000 -406280.0000 83127.0000 -311097.0000 -92819.0000 -97399.0000 -361875.0000 
199513.0000 10813.0000 314246.0000 -447718.0000 -462670.0000 -169855.0000 432823.0000 331158.0000 -24003.0000 -377105.0000 161132.0000 -409319.0000 189850.0000 -239660.0000 374259.0000 105094.0000 -100268.0000 -245957.0000 -44707.0000 140996.0000 34788.0000 -202722.0000 -452158.0000 -35274.0000 -113056.0000 -358437.0000 -452148.0000 75847.0000 -432757.0000 -49547.0000 -267528.0000 266756.0000 -20234.0000 65217.0000 -162462.0000 -464405.0000 395362.0000 -229640.0000 366753.0000 389858.0000 411755.0000 -453617.0000 480540.0000 101604.0000 325223.0000 -126703.0000 -293302.0000 243455.0000 127340.0000 161991.0000 
-115550.0000 180627.0000 -22231.0000 -67708.0000 163852.0000 364713.0000 -407646.0000 -269797.0000 459059.0000 -340403.0000 180657.0000 210030.0000 -55147.0000 178922.0000 -224754.0000 282391.0000 214517.0000 189107.0000 71250.0000 -400232.0000 78965.0000 -16996.0000 -353849.0000 -421997.0000 103107.0000 -10126.0000 -48700.0000 -171696.0000 -266672.0000 97139.0000 8795.0000 117778.0000 296265.0000 486564.0000 68569.0000 -39884.0000 -130225.0000 160924.0000 190319.0000 -171167.0000 -160980.0000 389475.0000 -461137.0000 283873.0000 68396.0000 332609.0000 66263.0000 301412.0000 21716.0000 156012.0000 
401180.0000 -399320.0000 -360985.0000 -452669.0000 -321317.0000 -239378.0000 37205.0000 -351518.0000 88926.0000 -210968.0000 245621.0000 -402280.0000 406810.0000 41885.0000 102783.0000 493878.0000 20500.0000 472558.0000 -326700.0000 -289182.0000 319891.0000 12321.0000 118793.0000 358754.0000 -203807.0000 -312812.0000 191362.0000 -119044.0000 7100.0000 231577.0000 -463033.0000 -91721.0000 332257.0000 194483.0000 474110.0000 29439.0000 455105.0000 -470187.0000 177921.0000 44030.0000 -181155.0000 -76459.0000 -339750.0000 244154.0000 -16075.0000 263033.0000 238032.0000 -495576.0000 235591.0000 411332.0000 
-284757.0000 55481.0000 442152.0000 -147465.0000 432734.0000 256845.0000 39723.0000 -357406.0000 -362200.0000 -453178.0000 374172.0000 193267.0000 473602.0000 -275073.0000 406249.0000 447711.0000 254367.0000 361353.0000 477525.0000 -67713.0000 423883.0000 314869.0000 -125672.0000 -415868.0000 59023.0000 358253.0000 347165.0000 315554.0000 362678.0000 -398746.0000 -254616.0000 96420.0000 -324766.0000 -312464.0000 448955.0000 126467.0000 -37120.0000 -492824.0000 269062.0000 -380821.0000 72499.0000 -338268.0000 312446.0000 -435401.0000 -113341.0000 218695.0000 -487691.0000 -358975.0000 -401454.0000 8333.0000 
